-8.50066, 0.684048, -1.48197, 0.231864, -0.795815, 0.55939, 0.220628, 0.624457, 
-7.59965, 1.26443, -1.13058, 0.250642, -0.755559, 0.605235, 0.234871, 0.641072, 
-8.41287, 1.26443, -0.793725, 0.250678, -0.755585, 0.605187, 0.217363, 0.641614, 
-8.72065, 0.896822, -1.77435, -0.883255, -0.333753, 0.329348, 0.213684, 0.620336, 
-8.41287, 1.26443, -0.793725, -0.899368, -0.233311, 0.369734, 0.217363, 0.641614, 
-8.50056, 1.68459, -0.88141, -0.932556, -0.123852, 0.339117, 0.209026, 0.643705, 
-8.0234, 0.900423, -2.07129, -0.281043, 0.696624, -0.660099, 0.189491, 0.629909, 
-8.50056, 1.68459, -0.88141, -0.489541, 0.730835, -0.475636, 0.19664, 0.658781, 
-7.59965, 1.68459, -1.25458, 0, 0.717586, -0.69647, 0.1772, 0.650368, 
-7.98964, 0.685209, -1.6921, 0.900591, -0.27205, -0.339005, 0.231293, 0.623696, 
-7.59965, 1.68459, -1.25458, 0.913712, -0.202265, -0.352447, 0.243163, 0.643121, 
-7.59965, 1.26443, -1.13058, 0.874312, -0.13739, -0.465514, 0.234871, 0.641072, 
-7.59965, 2.24442, 0.772019, 0, 0.846289, 0.532724, 0.177242, 0.69162, 
-8.50056, 1.68459, 0.920418, -0.463241, 0.742747, 0.483461, 0.19675, 0.697609, 
-7.59965, 1.68459, 1.29359, -0, 0.798996, 0.601337, 0.177255, 0.704987, 
-9.65487, 0.788652, -0.612931, -0.478238, -0.329833, 0.81394, 0.006841, 0.665191, 
-8.74973, 1.26443, 0.019502, -0.464831, -0.246199, 0.850481, 0.010519, 0.688478, 
-8.87373, 1.68459, 0.019502, -0.511625, -0.150999, 0.845836, 0.002375, 0.691212, 
-9.22354, 0.585793, 0.970984, 0.596472, -0.770473, -0.224929, 0.013762, 0.715506, 
-8.74973, 1.26443, 0.019502, 0.609977, -0.756516, -0.235823, 0.027864, 0.735948, 
-8.41287, 1.26443, 0.83273, 0.596839, -0.763325, -0.247221, 0.010586, 0.736197, 
-9.51933, 0.791136, 1.14153, 0.313493, -0.245628, 0.917273, 0.006706, 0.712144, 
-8.41287, 1.26443, 0.83273, 0.336804, -0.185023, 0.923217, 0.010586, 0.736197, 
-8.50056, 1.68459, 0.920418, 0.317642, -0.129737, 0.939293, 0.002375, 0.738717, 
-8.14854, 0.712729, 1.85553, 0.165113, -0.86717, -0.469845, 0.195151, 0.588425, 
-8.41287, 1.26443, 0.83273, 0.187723, -0.843392, -0.503438, 0.206823, 0.608412, 
-7.59965, 1.26443, 1.16958, 0.209421, -0.836975, -0.505584, 0.189134, 0.607367, 
-8.14203, 2.24222, 0.551613, -0.390937, 0.870762, 0.29823, 0.186901, 0.687965, 
-8.87373, 1.68459, 0.019502, -0.686835, 0.726729, 0.01112, 0.20471, 0.678218, 
-8.50056, 1.68459, 0.920418, -0.463241, 0.742747, 0.483461, 0.19675, 0.697609, 
-9.38049, 0.594492, -0.556735, 0.593719, -0.766229, 0.245745, 0.01316, 0.667361, 
-8.41287, 1.26443, -0.793725, 0.591734, -0.768019, 0.244943, 0.027586, 0.685923, 
-8.74973, 1.26443, 0.019502, 0.591737, -0.767965, 0.245108, 0.010519, 0.688478, 
-9.8539, 0.805121, 0.489617, -0.662736, 0.672532, 0.329366, 0.229071, 0.691085, 
-8.50056, 1.68459, 0.920418, -0.463241, 0.742747, 0.483461, 0.19675, 0.697609, 
-8.87373, 1.68459, 0.019502, -0.686835, 0.726729, 0.01112, 0.20471, 0.678218, 
-9.4312, 0.576321, 0.426055, -0.341766, -0.247343, -0.906652, 0.025077, 0.715679, 
-8.87373, 1.68459, 0.019502, -0.337845, -0.169673, -0.925782, 0.036186, 0.738598, 
-8.74973, 1.26443, 0.019502, -0.414479, -0.122328, -0.9018, 0.027864, 0.735948, 
-8.28641, 0.983196, 2.12663, 0.773579, -0.215027, 0.596103, 0.189631, 0.583271, 
-7.59965, 1.26443, 1.16958, 0.823591, -0.146906, 0.547828, 0.189134, 0.607367, 
-7.59965, 1.68459, 1.29359, 0.823666, -0.16052, 0.543882, 0.180523, 0.606988, 
-8.36244, 2.24133, 0.019502, -0.488849, 0.869977, -0.064546, 0.19098, 0.678471, 
-8.50056, 1.68459, -0.88141, -0.489541, 0.730835, -0.475636, 0.19664, 0.658781, 
-8.87373, 1.68459, 0.019502, -0.686835, 0.726729, 0.01112, 0.20471, 0.678218, 
-9.4197, 0.80503, -1.2752, -0.720087, 0.644011, -0.25831, 0.221354, 0.650017, 
-8.87373, 1.68459, 0.019502, -0.686835, 0.726729, 0.01112, 0.20471, 0.678218, 
-8.50056, 1.68459, -0.88141, -0.489541, 0.730835, -0.475636, 0.19664, 0.658781, 
-8.83746, 0.986151, 1.83911, -0.277801, 0.769737, 0.574744, 0.203063, 0.72045, 
-7.59965, 1.68459, 1.29359, -0, 0.798996, 0.601337, 0.177255, 0.704987, 
-8.50056, 1.68459, 0.920418, -0.463241, 0.742747, 0.483461, 0.19675, 0.697609, 
-8.71612, 0.74585, 1.61142, -0.920312, -0.128752, -0.36939, 0.206763, 0.589082, 
-8.50056, 1.68459, 0.920418, -0.908014, -0.0923, -0.408645, 0.215389, 0.610452, 
-8.41287, 1.26443, 0.83273, -0.902495, -0.100967, -0.418698, 0.206823, 0.608412, 
-8.14203, 2.24222, -0.512607, -0.29923, 0.871678, -0.388124, 0.187096, 0.668709, 
-7.59965, 1.68459, -1.25458, 0, 0.717586, -0.69647, 0.1772, 0.650368, 
-8.50056, 1.68459, -0.88141, -0.489541, 0.730835, -0.475636, 0.19664, 0.658781, 
-9.18814, 0.598172, -1.01016, 0.514904, -0.249689, -0.820079, 0.022751, 0.665971, 
-8.50056, 1.68459, -0.88141, 0.485802, -0.206814, -0.849249, 0.035964, 0.687636, 
-8.41287, 1.26443, -0.793725, 0.359832, -0.118051, -0.925519, 0.027586, 0.685923, 
-7.59965, 1.26443, -1.13058, -0.250642, -0.755559, 0.605235, 0.088918, 0.733816, 
-6.69863, 0.684048, -1.48197, -0.231864, -0.795815, 0.55939, 0.102174, 0.716404, 
-6.78642, 1.26443, -0.793725, -0.250678, -0.755585, 0.605187, 0.106427, 0.733342, 
-6.78642, 1.26443, -0.793725, 0.899368, -0.233311, 0.369734, 0.106427, 0.733342, 
-6.47864, 0.896822, -1.77435, 0.883255, -0.333753, 0.329348, 0.108869, 0.711888, 
-6.69873, 1.68459, -0.88141, 0.932556, -0.123852, 0.339117, 0.114871, 0.734949, 
-6.69873, 1.68459, -0.88141, 0.489541, 0.730835, -0.475636, 0.157778, 0.658819, 
-7.17589, 0.900423, -2.07129, 0.281043, 0.696624, -0.660099, 0.164868, 0.629934, 
-7.59965, 1.68459, -1.25458, 0, 0.717586, -0.69647, 0.1772, 0.650368, 
-7.59965, 1.68459, -1.25458, -0.913712, -0.202265, -0.352447, 0.08076, 0.736342, 
-7.20965, 0.685209, -1.6921, -0.900591, -0.27205, -0.339005, 0.091483, 0.716261, 
-7.59965, 1.26443, -1.13058, -0.874312, -0.13739, -0.465514, 0.088918, 0.733816, 
-6.69873, 1.68459, 0.920418, 0.463241, 0.742747, 0.483461, 0.157745, 0.697648, 
-7.59965, 2.24442, 0.772019, 0, 0.846289, 0.532724, 0.177242, 0.69162, 
-7.59965, 1.68459, 1.29359, -0, 0.798996, 0.601337, 0.177255, 0.704987, 
-6.44957, 1.26443, 0.019502, 0.464831, -0.246199, 0.850481, 0.146978, 0.565869, 
-5.54443, 0.788652, -0.612931, 0.478238, -0.329833, 0.81394, 0.148356, 0.542173, 
-6.32556, 1.68459, 0.019502, 0.511625, -0.150999, 0.845836, 0.155355, 0.567696, 
-6.44957, 1.26443, 0.019502, -0.609977, -0.756516, -0.235823, 0.089224, 0.561068, 
-5.97575, 0.585793, 0.970984, -0.596472, -0.770473, -0.224929, 0.104499, 0.54149, 
-6.78642, 1.26443, 0.83273, -0.596839, -0.763325, -0.247221, 0.106461, 0.562328, 
-6.78642, 1.26443, 0.83273, -0.336804, -0.185023, 0.923217, 0.106461, 0.562328, 
-5.67997, 0.791136, 1.14153, -0.313493, -0.245628, 0.917273, 0.111734, 0.53854, 
-6.69873, 1.68459, 0.920418, -0.317642, -0.129737, 0.939293, 0.114513, 0.565321, 
-6.78642, 1.26443, 0.83273, -0.187723, -0.843392, -0.503438, 0.148557, 0.610381, 
-7.05075, 0.712729, 1.85553, -0.165113, -0.86717, -0.469845, 0.160248, 0.590017, 
-7.59965, 1.26443, 1.16958, -0.209421, -0.836975, -0.505584, 0.165819, 0.609608, 
-6.32556, 1.68459, 0.019502, 0.686835, 0.726729, 0.01112, 0.149745, 0.678273, 
-7.05726, 2.24222, 0.551613, 0.390937, 0.870762, 0.29823, 0.167575, 0.687984, 
-6.69873, 1.68459, 0.920418, 0.463241, 0.742747, 0.483461, 0.157745, 0.697648, 
-6.78642, 1.26443, -0.793725, -0.591734, -0.768019, 0.244943, 0.12959, 0.564855, 
-5.81881, 0.594492, -0.556735, -0.593719, -0.766229, 0.245745, 0.142565, 0.545247, 
-6.44957, 1.26443, 0.019502, -0.591737, -0.767965, 0.245108, 0.146978, 0.565869, 
-6.69873, 1.68459, 0.920418, 0.463241, 0.742747, 0.483461, 0.157745, 0.697648, 
-5.34539, 0.805121, 0.489617, 0.662736, 0.672532, 0.329366, 0.12541, 0.691191, 
-6.32556, 1.68459, 0.019502, 0.686835, 0.726729, 0.01112, 0.149745, 0.678273, 
-6.32556, 1.68459, 0.019502, 0.337845, -0.169673, -0.925782, 0.08076, 0.563224, 
-5.7681, 0.576321, 0.426055, 0.341766, -0.247343, -0.906652, 0.093196, 0.540996, 
-6.44957, 1.26443, 0.019502, 0.414479, -0.122328, -0.9018, 0.089224, 0.561068, 
-7.59965, 1.26443, 1.16958, -0.823591, -0.146906, 0.547828, 0.165819, 0.609608, 
-6.91289, 0.983196, 2.12663, -0.773579, -0.215027, 0.596103, 0.167087, 0.585894, 
-7.59965, 1.68459, 1.29359, -0.823666, -0.16052, 0.543882, 0.174396, 0.61006, 
-6.69873, 1.68459, -0.88141, 0.489541, 0.730835, -0.475636, 0.157778, 0.658819, 
-6.83685, 2.24133, 0.019502, 0.488849, 0.869977, -0.064546, 0.163475, 0.678498, 
-6.32556, 1.68459, 0.019502, 0.686835, 0.726729, 0.01112, 0.149745, 0.678273, 
-6.32556, 1.68459, 0.019502, 0.686835, 0.726729, 0.01112, 0.149745, 0.678273, 
-5.77959, 0.80503, -1.2752, 0.720087, 0.644011, -0.25831, 0.133045, 0.650104, 
-6.69873, 1.68459, -0.88141, 0.489541, 0.730835, -0.475636, 0.157778, 0.658819, 
-7.59965, 1.68459, 1.29359, -0, 0.798996, 0.601337, 0.177255, 0.704987, 
-6.36183, 0.986151, 1.83911, 0.277801, 0.769737, 0.574744, 0.151475, 0.720499, 
-6.69873, 1.68459, 0.920418, 0.463241, 0.742747, 0.483461, 0.157745, 0.697648, 
-6.69873, 1.68459, 0.920418, 0.908014, -0.0923, -0.408645, 0.140143, 0.612826, 
-6.48317, 0.74585, 1.61142, 0.920312, -0.128752, -0.36939, 0.148324, 0.591253, 
-6.78642, 1.26443, 0.83273, 0.902495, -0.100967, -0.418698, 0.148557, 0.610381, 
-7.59965, 1.68459, -1.25458, 0, 0.717586, -0.69647, 0.1772, 0.650368, 
-7.05726, 2.24222, -0.512607, 0.29923, 0.871678, -0.388124, 0.167341, 0.668729, 
-6.69873, 1.68459, -0.88141, 0.489541, 0.730835, -0.475636, 0.157778, 0.658819, 
-6.69873, 1.68459, -0.88141, -0.485802, -0.206814, -0.849249, 0.12114, 0.566982, 
-6.01115, 0.598172, -1.01016, -0.514904, -0.249689, -0.820079, 0.133111, 0.544713, 
-6.78642, 1.26443, -0.793725, -0.359832, -0.118051, -0.925519, 0.12959, 0.564855, 
-7.59965, 1.26443, -1.13058, 0.250642, -0.755559, 0.605235, 0.234871, 0.641072, 
-8.50066, 0.684048, -1.48197, 0.231864, -0.795815, 0.55939, 0.220628, 0.624457, 
-7.98964, 0.685209, -1.6921, 0.222058, -0.814802, 0.535527, 0.231293, 0.623696, 
-8.41287, 1.26443, -0.793725, -0.899368, -0.233311, 0.369734, 0.217363, 0.641614, 
-8.72065, 0.896822, -1.77435, -0.883255, -0.333753, 0.329348, 0.213684, 0.620336, 
-8.50066, 0.684048, -1.48197, -0.842882, -0.433616, 0.318633, 0.220628, 0.624457, 
-8.50056, 1.68459, -0.88141, -0.489541, 0.730835, -0.475636, 0.19664, 0.658781, 
-8.0234, 0.900423, -2.07129, -0.281043, 0.696624, -0.660099, 0.189491, 0.629909, 
-8.72065, 0.896822, -1.77435, -0.296409, 0.662441, -0.687978, 0.203178, 0.635805, 
-7.59965, 1.68459, -1.25458, 0.913712, -0.202265, -0.352447, 0.243163, 0.643121, 
-7.98964, 0.685209, -1.6921, 0.900591, -0.27205, -0.339005, 0.231293, 0.623696, 
-8.0234, 0.900423, -2.07129, 0.901984, -0.336083, -0.271058, 0.23893, 0.619784, 
-7.98964, 0.685209, -1.6921, 0.222058, -0.814802, 0.535527, 0.231293, 0.623696, 
-8.50066, 0.684048, -1.48197, 0.231864, -0.795815, 0.55939, 0.220628, 0.624457, 
-8.46202, 0.210605, -2.38829, 0.191467, -0.866579, 0.460847, 0.228067, 0.605029, 
-8.50066, 0.684048, -1.48197, -0.842882, -0.433616, 0.318633, 0.220628, 0.624457, 
-8.72065, 0.896822, -1.77435, -0.883255, -0.333753, 0.329348, 0.213684, 0.620336, 
-8.46202, 0.210605, -2.38829, -0.819694, -0.521302, 0.237373, 0.228067, 0.605029, 
-8.72065, 0.896822, -1.77435, -0.296409, 0.662441, -0.687978, 0.203178, 0.635805, 
-8.0234, 0.900423, -2.07129, -0.281043, 0.696624, -0.660099, 0.189491, 0.629909, 
-8.46202, 0.210605, -2.38829, -0.327463, 0.558463, -0.762159, 0.201042, 0.617157, 
-8.0234, 0.900423, -2.07129, 0.901984, -0.336083, -0.271058, 0.23893, 0.619784, 
-7.98964, 0.685209, -1.6921, 0.900591, -0.27205, -0.339005, 0.231293, 0.623696, 
-8.46202, 0.210605, -2.38829, 0.860663, -0.406117, -0.307129, 0.228067, 0.605029, 
-8.14203, 2.24222, 0.551613, -0.390937, 0.870762, 0.29823, 0.186901, 0.687965, 
-7.59965, 2.24442, 0.772019, 0, 0.846289, 0.532724, 0.177242, 0.69162, 
-7.59965, 2.27871, 0.019502, 0, 1, -0, 0.177228, 0.67818, 
-8.50056, 1.68459, 0.920418, -0.463241, 0.742747, 0.483461, 0.19675, 0.697609, 
-7.59965, 2.24442, 0.772019, 0, 0.846289, 0.532724, 0.177242, 0.69162, 
-8.14203, 2.24222, 0.551613, -0.390937, 0.870762, 0.29823, 0.186901, 0.687965, 
-8.74973, 1.26443, 0.019502, -0.464831, -0.246199, 0.850481, 0.010519, 0.688478, 
-9.65487, 0.788652, -0.612931, -0.478238, -0.329833, 0.81394, 0.006841, 0.665191, 
-9.38049, 0.594492, -0.556735, -0.455301, -0.415506, 0.787436, 0.01316, 0.667361, 
-8.74973, 1.26443, 0.019502, 0.609977, -0.756516, -0.235823, 0.027864, 0.735948, 
-9.22354, 0.585793, 0.970984, 0.596472, -0.770473, -0.224929, 0.013762, 0.715506, 
-9.4312, 0.576321, 0.426055, 0.596165, -0.773891, -0.213729, 0.025077, 0.715679, 
-8.41287, 1.26443, 0.83273, 0.336804, -0.185023, 0.923217, 0.010586, 0.736197, 
-9.51933, 0.791136, 1.14153, 0.313493, -0.245628, 0.917273, 0.006706, 0.712144, 
-9.22354, 0.585793, 0.970984, 0.309769, -0.302459, 0.901422, 0.013762, 0.715506, 
-8.41287, 1.26443, 0.83273, 0.187723, -0.843392, -0.503438, 0.206823, 0.608412, 
-8.14854, 0.712729, 1.85553, 0.165113, -0.86717, -0.469845, 0.195151, 0.588425, 
-8.71612, 0.74585, 1.61142, 0.142656, -0.880944, -0.451206, 0.206763, 0.589082, 
-8.36244, 2.24133, 0.019502, -0.488849, 0.869977, -0.064546, 0.19098, 0.678471, 
-8.14203, 2.24222, 0.551613, -0.390937, 0.870762, 0.29823, 0.186901, 0.687965, 
-7.59965, 2.27871, 0.019502, 0, 1, -0, 0.177228, 0.67818, 
-8.87373, 1.68459, 0.019502, -0.686835, 0.726729, 0.01112, 0.20471, 0.678218, 
-8.14203, 2.24222, 0.551613, -0.390937, 0.870762, 0.29823, 0.186901, 0.687965, 
-8.36244, 2.24133, 0.019502, -0.488849, 0.869977, -0.064546, 0.19098, 0.678471, 
-8.41287, 1.26443, -0.793725, 0.591734, -0.768019, 0.244943, 0.027586, 0.685923, 
-9.38049, 0.594492, -0.556735, 0.593719, -0.766229, 0.245745, 0.01316, 0.667361, 
-9.18814, 0.598172, -1.01016, 0.594709, -0.765359, 0.246063, 0.022751, 0.665971, 
-8.50056, 1.68459, 0.920418, -0.463241, 0.742747, 0.483461, 0.19675, 0.697609, 
-9.8539, 0.805121, 0.489617, -0.662736, 0.672532, 0.329366, 0.229071, 0.691085, 
-9.51933, 0.791136, 1.14153, -0.697561, 0.612908, 0.371149, 0.222994, 0.704144, 
-8.87373, 1.68459, 0.019502, -0.337845, -0.169673, -0.925782, 0.036186, 0.738598, 
-9.4312, 0.576321, 0.426055, -0.341766, -0.247343, -0.906652, 0.025077, 0.715679, 
-9.8539, 0.805121, 0.489617, -0.302485, -0.308277, -0.901924, 0.033284, 0.711094, 
-7.59965, 1.26443, 1.16958, 0.823591, -0.146906, 0.547828, 0.189134, 0.607367, 
-8.28641, 0.983196, 2.12663, 0.773579, -0.215027, 0.596103, 0.189631, 0.583271, 
-8.14854, 0.712729, 1.85553, 0.745834, -0.241921, 0.62065, 0.195151, 0.588425, 
-8.14203, 2.24222, -0.512607, -0.29923, 0.871678, -0.388124, 0.187096, 0.668709, 
-8.36244, 2.24133, 0.019502, -0.488849, 0.869977, -0.064546, 0.19098, 0.678471, 
-7.59965, 2.27871, 0.019502, 0, 1, -0, 0.177228, 0.67818, 
-8.50056, 1.68459, -0.88141, -0.489541, 0.730835, -0.475636, 0.19664, 0.658781, 
-8.36244, 2.24133, 0.019502, -0.488849, 0.869977, -0.064546, 0.19098, 0.678471, 
-8.14203, 2.24222, -0.512607, -0.29923, 0.871678, -0.388124, 0.187096, 0.668709, 
-8.87373, 1.68459, 0.019502, -0.686835, 0.726729, 0.01112, 0.20471, 0.678218, 
-9.4197, 0.80503, -1.2752, -0.720087, 0.644011, -0.25831, 0.221354, 0.650017, 
-9.65487, 0.788652, -0.612931, -0.769495, 0.583864, -0.258805, 0.226375, 0.662895, 
-7.59965, 1.68459, 1.29359, -0, 0.798996, 0.601337, 0.177255, 0.704987, 
-8.83746, 0.986151, 1.83911, -0.277801, 0.769737, 0.574744, 0.203063, 0.72045, 
-8.28641, 0.983196, 2.12663, -0.305083, 0.745656, 0.592386, 0.191997, 0.725639, 
-8.50056, 1.68459, 0.920418, -0.908014, -0.0923, -0.408645, 0.215389, 0.610452, 
-8.71612, 0.74585, 1.61142, -0.920312, -0.128752, -0.36939, 0.206763, 0.589082, 
-8.83746, 0.986151, 1.83911, -0.92803, -0.142519, -0.344164, 0.212924, 0.586425, 
-7.59965, -7.28523, 0.019502, -0, -1, -2e-006, 0.068273, 0.738717, 
-8.41287, 1.26443, -0.793725, -0.700794, -0.133316, -0.700796, 0.052431, 0.570303, 
-7.59965, 1.26443, -1.13058, 0, -0.133317, -0.991073, 0.069687, 0.569565, 
-7.59965, 2.24442, -0.733014, 0, 0.911285, -0.411776, 0.177215, 0.664563, 
-8.14203, 2.24222, -0.512607, -0.29923, 0.871678, -0.388124, 0.187096, 0.668709, 
-7.59965, 2.27871, 0.019502, 0, 1, -0, 0.177228, 0.67818, 
-7.59965, 1.68459, -1.25458, 0, 0.717586, -0.69647, 0.1772, 0.650368, 
-8.14203, 2.24222, -0.512607, -0.29923, 0.871678, -0.388124, 0.187096, 0.668709, 
-7.59965, 2.24442, -0.733014, 0, 0.911285, -0.411776, 0.177215, 0.664563, 
-8.50056, 1.68459, -0.88141, 0.485802, -0.206814, -0.849249, 0.035964, 0.687636, 
-9.18814, 0.598172, -1.01016, 0.514904, -0.249689, -0.820079, 0.022751, 0.665971, 
-9.4197, 0.80503, -1.2752, 0.58236, -0.310629, -0.751243, 0.029901, 0.66231, 
-7.59965, -7.28523, 0.019502, -0, -1, -2e-006, 0.068273, 0.738717, 
-8.74973, 1.26443, 0.019502, -0.991073, -0.133317, -0, 0.035341, 0.572796, 
-8.41287, 1.26443, -0.793725, -0.700794, -0.133316, -0.700796, 0.052431, 0.570303, 
-8.41287, 1.26443, 0.83273, -0.700795, -0.133317, 0.700795, 0.018597, 0.577018, 
-8.74973, 1.26443, 0.019502, -0.991073, -0.133317, -0, 0.035341, 0.572796, 
-7.59965, -7.28523, 0.019502, -0, -1, -2e-006, 0.068273, 0.738717, 
-7.59965, 1.26443, 1.16958, 0, -0.133317, 0.991073, 0.002375, 0.582923, 
-8.41287, 1.26443, 0.83273, -0.700795, -0.133317, 0.700795, 0.018597, 0.577018, 
-7.59965, -7.28523, 0.019502, -0, -1, -2e-006, 0.068273, 0.738717, 
-9.18814, 0.598172, -1.01016, 0.594709, -0.765359, 0.246063, 0.022751, 0.665971, 
-9.38049, 0.594492, -0.556735, 0.593719, -0.766229, 0.245745, 0.01316, 0.667361, 
-9.81563, 0.033888, -1.23377, 0.597675, -0.762631, 0.247344, 0.017952, 0.648813, 
-9.38049, 0.594492, -0.556735, -0.455301, -0.415506, 0.787436, 0.01316, 0.667361, 
-9.65487, 0.788652, -0.612931, -0.478238, -0.329833, 0.81394, 0.006841, 0.665191, 
-9.81563, 0.033888, -1.23377, -0.492755, -0.48778, 0.720599, 0.017952, 0.648813, 
-9.65487, 0.788652, -0.612931, -0.769495, 0.583864, -0.258805, 0.226375, 0.662895, 
-9.4197, 0.80503, -1.2752, -0.720087, 0.644011, -0.25831, 0.221354, 0.650017, 
-9.81563, 0.033888, -1.23377, -0.856678, 0.424069, -0.293715, 0.238191, 0.647464, 
-9.4197, 0.80503, -1.2752, 0.58236, -0.310629, -0.751243, 0.029901, 0.66231, 
-9.18814, 0.598172, -1.01016, 0.514904, -0.249689, -0.820079, 0.022751, 0.665971, 
-9.81563, 0.033888, -1.23377, 0.566911, -0.331581, -0.754099, 0.017952, 0.648813, 
-9.4312, 0.576321, 0.426055, 0.596165, -0.773891, -0.213729, 0.025077, 0.715679, 
-9.22354, 0.585793, 0.970984, 0.596472, -0.770473, -0.224929, 0.013762, 0.715506, 
-10.0877, -0.031358, 0.974251, 0.568579, -0.797236, -0.202811, 0.018706, 0.695287, 
-9.22354, 0.585793, 0.970984, 0.309769, -0.302459, 0.901422, 0.013762, 0.715506, 
-9.51933, 0.791136, 1.14153, 0.313493, -0.245628, 0.917273, 0.006706, 0.712144, 
-10.0877, -0.031358, 0.974251, 0.262961, -0.363485, 0.893717, 0.018706, 0.695287, 
-9.51933, 0.791136, 1.14153, -0.697561, 0.612908, 0.371149, 0.222994, 0.704144, 
-9.8539, 0.805121, 0.489617, -0.662736, 0.672532, 0.329366, 0.229071, 0.691085, 
-10.0877, -0.031358, 0.974251, -0.786253, 0.459272, 0.413371, 0.24287, 0.704885, 
-9.8539, 0.805121, 0.489617, -0.302485, -0.308277, -0.901924, 0.033284, 0.711094, 
-9.4312, 0.576321, 0.426055, -0.341766, -0.247343, -0.906652, 0.025077, 0.715679, 
-10.0877, -0.031358, 0.974251, -0.343024, -0.39727, -0.851182, 0.018706, 0.695287, 
-8.71612, 0.74585, 1.61142, 0.142656, -0.880944, -0.451206, 0.206763, 0.589082, 
-8.14854, 0.712729, 1.85553, 0.165113, -0.86717, -0.469845, 0.195151, 0.588425, 
-8.87731, 0.38268, 2.38966, 0.118811, -0.908972, -0.399566, 0.204076, 0.572233, 
-8.14854, 0.712729, 1.85553, 0.745834, -0.241921, 0.62065, 0.195151, 0.588425, 
-8.28641, 0.983196, 2.12663, 0.773579, -0.215027, 0.596103, 0.189631, 0.583271, 
-8.87731, 0.38268, 2.38966, 0.651481, -0.345116, 0.675624, 0.204076, 0.572233, 
-6.32198, 0.38268, 2.38966, 0.936553, -0.20048, -0.287536, 0.153545, 0.572838, 
-6.48317, 0.74585, 1.61142, 0.920312, -0.128752, -0.36939, 0.148324, 0.591253, 
-6.36183, 0.986151, 1.83911, 0.92803, -0.142519, -0.344164, 0.141935, 0.588985, 
-6.32198, 0.38268, 2.38966, 0.351339, 0.643562, 0.679992, 0.148912, 0.736342, 
-6.36183, 0.986151, 1.83911, 0.277801, 0.769737, 0.574744, 0.151475, 0.720499, 
-6.91289, 0.983196, 2.12663, 0.305083, 0.745656, 0.592386, 0.162551, 0.725667, 
-6.32198, 0.38268, 2.38966, -0.651481, -0.345116, 0.675624, 0.153545, 0.572838, 
-6.91289, 0.983196, 2.12663, -0.773579, -0.215027, 0.596103, 0.167087, 0.585894, 
-7.05075, 0.712729, 1.85553, -0.745834, -0.241921, 0.62065, 0.160248, 0.590017, 
-6.32198, 0.38268, 2.38966, -0.118811, -0.908972, -0.399566, 0.153545, 0.572838, 
-7.05075, 0.712729, 1.85553, -0.165113, -0.86717, -0.469845, 0.160248, 0.590017, 
-6.48317, 0.74585, 1.61142, -0.142656, -0.880944, -0.451206, 0.148324, 0.591253, 
-5.11158, -0.031358, 0.974251, 0.343024, -0.39727, -0.851182, 0.100737, 0.521018, 
-5.7681, 0.576321, 0.426055, 0.341766, -0.247343, -0.906652, 0.093196, 0.540996, 
-5.34539, 0.805121, 0.489617, 0.302485, -0.308277, -0.901924, 0.085274, 0.535937, 
-5.11158, -0.031358, 0.974251, 0.786253, 0.459272, 0.413371, 0.111639, 0.705019, 
-5.34539, 0.805121, 0.489617, 0.662736, 0.672532, 0.329366, 0.12541, 0.691191, 
-5.67997, 0.791136, 1.14153, 0.697561, 0.612908, 0.371149, 0.131514, 0.704237, 
-5.11158, -0.031358, 0.974251, -0.262961, -0.363485, 0.893717, 0.100737, 0.521018, 
-5.67997, 0.791136, 1.14153, -0.313493, -0.245628, 0.917273, 0.111734, 0.53854, 
-5.97575, 0.585793, 0.970984, -0.309769, -0.302459, 0.901422, 0.104499, 0.54149, 
-5.11158, -0.031358, 0.974251, -0.568579, -0.797236, -0.202811, 0.100737, 0.521018, 
-5.97575, 0.585793, 0.970984, -0.596472, -0.770473, -0.224929, 0.104499, 0.54149, 
-5.7681, 0.576321, 0.426055, -0.596165, -0.773891, -0.213729, 0.093196, 0.540996, 
-5.38366, 0.033888, -1.23377, -0.566911, -0.331581, -0.754099, 0.135905, 0.52792, 
-6.01115, 0.598172, -1.01016, -0.514904, -0.249689, -0.820079, 0.133111, 0.544713, 
-5.77959, 0.80503, -1.2752, -0.58236, -0.310629, -0.751243, 0.125984, 0.541226, 
-5.38366, 0.033888, -1.23377, 0.856678, 0.424069, -0.293715, 0.116203, 0.647585, 
-5.77959, 0.80503, -1.2752, 0.720087, 0.644011, -0.25831, 0.133045, 0.650104, 
-5.54443, 0.788652, -0.612931, 0.769495, 0.583864, -0.258805, 0.12805, 0.662992, 
-5.38366, 0.033888, -1.23377, 0.492755, -0.48778, 0.720599, 0.135905, 0.52792, 
-5.54443, 0.788652, -0.612931, 0.478238, -0.329833, 0.81394, 0.148356, 0.542173, 
-5.81881, 0.594492, -0.556735, 0.455301, -0.415506, 0.787436, 0.142565, 0.545247, 
-5.38366, 0.033888, -1.23377, -0.597675, -0.762631, 0.247344, 0.135905, 0.52792, 
-5.81881, 0.594492, -0.556735, -0.593719, -0.766229, 0.245745, 0.142565, 0.545247, 
-6.01115, 0.598172, -1.01016, -0.594709, -0.765359, 0.246063, 0.133111, 0.544713, 
-7.59965, -7.28523, 0.019502, -0, -1, -2e-006, 0.068273, 0.738717, 
-6.78642, 1.26443, 0.83273, 0.700795, -0.133317, 0.700795, 0.120638, 0.577868, 
-7.59965, 1.26443, 1.16958, 0, -0.133317, 0.991073, 0.136757, 0.584042, 
-7.59965, -7.28523, 0.019502, -0, -1, -2e-006, 0.068273, 0.738717, 
-6.44957, 1.26443, 0.019502, 0.991073, -0.133317, -0, 0.10397, 0.573369, 
-6.78642, 1.26443, 0.83273, 0.700795, -0.133317, 0.700795, 0.120638, 0.577868, 
-6.78642, 1.26443, -0.793725, 0.700794, -0.133316, -0.700796, 0.086928, 0.570591, 
-6.44957, 1.26443, 0.019502, 0.991073, -0.133317, -0, 0.10397, 0.573369, 
-7.59965, -7.28523, 0.019502, -0, -1, -2e-006, 0.068273, 0.738717, 
-5.77959, 0.80503, -1.2752, -0.58236, -0.310629, -0.751243, 0.125984, 0.541226, 
-6.01115, 0.598172, -1.01016, -0.514904, -0.249689, -0.820079, 0.133111, 0.544713, 
-6.69873, 1.68459, -0.88141, -0.485802, -0.206814, -0.849249, 0.12114, 0.566982, 
-7.59965, 2.24442, -0.733014, 0, 0.911285, -0.411776, 0.177215, 0.664563, 
-7.05726, 2.24222, -0.512607, 0.29923, 0.871678, -0.388124, 0.167341, 0.668729, 
-7.59965, 1.68459, -1.25458, 0, 0.717586, -0.69647, 0.1772, 0.650368, 
-7.59965, 2.27871, 0.019502, 0, 1, -0, 0.177228, 0.67818, 
-7.05726, 2.24222, -0.512607, 0.29923, 0.871678, -0.388124, 0.167341, 0.668729, 
-7.59965, 2.24442, -0.733014, 0, 0.911285, -0.411776, 0.177215, 0.664563, 
-7.59965, 1.26443, -1.13058, 0, -0.133317, -0.991073, 0.069687, 0.569565, 
-6.78642, 1.26443, -0.793725, 0.700794, -0.133316, -0.700796, 0.086928, 0.570591, 
-7.59965, -7.28523, 0.019502, -0, -1, -2e-006, 0.068273, 0.738717, 
-6.36183, 0.986151, 1.83911, 0.92803, -0.142519, -0.344164, 0.141935, 0.588985, 
-6.48317, 0.74585, 1.61142, 0.920312, -0.128752, -0.36939, 0.148324, 0.591253, 
-6.69873, 1.68459, 0.920418, 0.908014, -0.0923, -0.408645, 0.140143, 0.612826, 
-6.91289, 0.983196, 2.12663, 0.305083, 0.745656, 0.592386, 0.162551, 0.725667, 
-6.36183, 0.986151, 1.83911, 0.277801, 0.769737, 0.574744, 0.151475, 0.720499, 
-7.59965, 1.68459, 1.29359, -0, 0.798996, 0.601337, 0.177255, 0.704987, 
-5.54443, 0.788652, -0.612931, 0.769495, 0.583864, -0.258805, 0.12805, 0.662992, 
-5.77959, 0.80503, -1.2752, 0.720087, 0.644011, -0.25831, 0.133045, 0.650104, 
-6.32556, 1.68459, 0.019502, 0.686835, 0.726729, 0.01112, 0.149745, 0.678273, 
-7.05726, 2.24222, -0.512607, 0.29923, 0.871678, -0.388124, 0.167341, 0.668729, 
-6.83685, 2.24133, 0.019502, 0.488849, 0.869977, -0.064546, 0.163475, 0.678498, 
-6.69873, 1.68459, -0.88141, 0.489541, 0.730835, -0.475636, 0.157778, 0.658819, 
-7.59965, 2.27871, 0.019502, 0, 1, -0, 0.177228, 0.67818, 
-6.83685, 2.24133, 0.019502, 0.488849, 0.869977, -0.064546, 0.163475, 0.678498, 
-7.05726, 2.24222, -0.512607, 0.29923, 0.871678, -0.388124, 0.167341, 0.668729, 
-7.05075, 0.712729, 1.85553, -0.745834, -0.241921, 0.62065, 0.160248, 0.590017, 
-6.91289, 0.983196, 2.12663, -0.773579, -0.215027, 0.596103, 0.167087, 0.585894, 
-7.59965, 1.26443, 1.16958, -0.823591, -0.146906, 0.547828, 0.165819, 0.609608, 
-5.34539, 0.805121, 0.489617, 0.302485, -0.308277, -0.901924, 0.085274, 0.535937, 
-5.7681, 0.576321, 0.426055, 0.341766, -0.247343, -0.906652, 0.093196, 0.540996, 
-6.32556, 1.68459, 0.019502, 0.337845, -0.169673, -0.925782, 0.08076, 0.563224, 
-5.67997, 0.791136, 1.14153, 0.697561, 0.612908, 0.371149, 0.131514, 0.704237, 
-5.34539, 0.805121, 0.489617, 0.662736, 0.672532, 0.329366, 0.12541, 0.691191, 
-6.69873, 1.68459, 0.920418, 0.463241, 0.742747, 0.483461, 0.157745, 0.697648, 
-6.01115, 0.598172, -1.01016, -0.594709, -0.765359, 0.246063, 0.133111, 0.544713, 
-5.81881, 0.594492, -0.556735, -0.593719, -0.766229, 0.245745, 0.142565, 0.545247, 
-6.78642, 1.26443, -0.793725, -0.591734, -0.768019, 0.244943, 0.12959, 0.564855, 
-6.83685, 2.24133, 0.019502, 0.488849, 0.869977, -0.064546, 0.163475, 0.678498, 
-7.05726, 2.24222, 0.551613, 0.390937, 0.870762, 0.29823, 0.167575, 0.687984, 
-6.32556, 1.68459, 0.019502, 0.686835, 0.726729, 0.01112, 0.149745, 0.678273, 
-7.59965, 2.27871, 0.019502, 0, 1, -0, 0.177228, 0.67818, 
-7.05726, 2.24222, 0.551613, 0.390937, 0.870762, 0.29823, 0.167575, 0.687984, 
-6.83685, 2.24133, 0.019502, 0.488849, 0.869977, -0.064546, 0.163475, 0.678498, 
-6.48317, 0.74585, 1.61142, -0.142656, -0.880944, -0.451206, 0.148324, 0.591253, 
-7.05075, 0.712729, 1.85553, -0.165113, -0.86717, -0.469845, 0.160248, 0.590017, 
-6.78642, 1.26443, 0.83273, -0.187723, -0.843392, -0.503438, 0.148557, 0.610381, 
-5.97575, 0.585793, 0.970984, -0.309769, -0.302459, 0.901422, 0.104499, 0.54149, 
-5.67997, 0.791136, 1.14153, -0.313493, -0.245628, 0.917273, 0.111734, 0.53854, 
-6.78642, 1.26443, 0.83273, -0.336804, -0.185023, 0.923217, 0.106461, 0.562328, 
-5.7681, 0.576321, 0.426055, -0.596165, -0.773891, -0.213729, 0.093196, 0.540996, 
-5.97575, 0.585793, 0.970984, -0.596472, -0.770473, -0.224929, 0.104499, 0.54149, 
-6.44957, 1.26443, 0.019502, -0.609977, -0.756516, -0.235823, 0.089224, 0.561068, 
-5.81881, 0.594492, -0.556735, 0.455301, -0.415506, 0.787436, 0.142565, 0.545247, 
-5.54443, 0.788652, -0.612931, 0.478238, -0.329833, 0.81394, 0.148356, 0.542173, 
-6.44957, 1.26443, 0.019502, 0.464831, -0.246199, 0.850481, 0.146978, 0.565869, 
-7.05726, 2.24222, 0.551613, 0.390937, 0.870762, 0.29823, 0.167575, 0.687984, 
-7.59965, 2.24442, 0.772019, 0, 0.846289, 0.532724, 0.177242, 0.69162, 
-6.69873, 1.68459, 0.920418, 0.463241, 0.742747, 0.483461, 0.157745, 0.697648, 
-7.59965, 2.27871, 0.019502, 0, 1, -0, 0.177228, 0.67818, 
-7.59965, 2.24442, 0.772019, 0, 0.846289, 0.532724, 0.177242, 0.69162, 
-7.05726, 2.24222, 0.551613, 0.390937, 0.870762, 0.29823, 0.167575, 0.687984, 
-6.73727, 0.210605, -2.38829, -0.860663, -0.406117, -0.307129, 0.093622, 0.697439, 
-7.20965, 0.685209, -1.6921, -0.900591, -0.27205, -0.339005, 0.091483, 0.716261, 
-7.17589, 0.900423, -2.07129, -0.901984, -0.336083, -0.271058, 0.083632, 0.712799, 
-6.73727, 0.210605, -2.38829, 0.327463, 0.558463, -0.762159, 0.15329, 0.617204, 
-7.17589, 0.900423, -2.07129, 0.281043, 0.696624, -0.660099, 0.164868, 0.629934, 
-6.47864, 0.896822, -1.77435, 0.296409, 0.662441, -0.687978, 0.151192, 0.635856, 
-6.73727, 0.210605, -2.38829, 0.819694, -0.521302, 0.237373, 0.093622, 0.697439, 
-6.47864, 0.896822, -1.77435, 0.883255, -0.333753, 0.329348, 0.108869, 0.711888, 
-6.69863, 0.684048, -1.48197, 0.842882, -0.433616, 0.318633, 0.102174, 0.716404, 
-6.73727, 0.210605, -2.38829, -0.191467, -0.866579, 0.460847, 0.093622, 0.697439, 
-6.69863, 0.684048, -1.48197, -0.231864, -0.795815, 0.55939, 0.102174, 0.716404, 
-7.20965, 0.685209, -1.6921, -0.222058, -0.814802, 0.535527, 0.091483, 0.716261, 
-7.17589, 0.900423, -2.07129, -0.901984, -0.336083, -0.271058, 0.083632, 0.712799, 
-7.20965, 0.685209, -1.6921, -0.900591, -0.27205, -0.339005, 0.091483, 0.716261, 
-7.59965, 1.68459, -1.25458, -0.913712, -0.202265, -0.352447, 0.08076, 0.736342, 
-6.47864, 0.896822, -1.77435, 0.296409, 0.662441, -0.687978, 0.151192, 0.635856, 
-7.17589, 0.900423, -2.07129, 0.281043, 0.696624, -0.660099, 0.164868, 0.629934, 
-6.69873, 1.68459, -0.88141, 0.489541, 0.730835, -0.475636, 0.157778, 0.658819, 
-6.69863, 0.684048, -1.48197, 0.842882, -0.433616, 0.318633, 0.102174, 0.716404, 
-6.47864, 0.896822, -1.77435, 0.883255, -0.333753, 0.329348, 0.108869, 0.711888, 
-6.78642, 1.26443, -0.793725, 0.899368, -0.233311, 0.369734, 0.106427, 0.733342, 
-7.20965, 0.685209, -1.6921, -0.222058, -0.814802, 0.535527, 0.091483, 0.716261, 
-6.69863, 0.684048, -1.48197, -0.231864, -0.795815, 0.55939, 0.102174, 0.716404, 
-7.59965, 1.26443, -1.13058, -0.250642, -0.755559, 0.605235, 0.088918, 0.733816, 
-8.83746, 0.986151, 1.83911, -0.92803, -0.142519, -0.344164, 0.212924, 0.586425, 
-8.71612, 0.74585, 1.61142, -0.920312, -0.128752, -0.36939, 0.206763, 0.589082, 
-8.87731, 0.38268, 2.38966, -0.936553, -0.20048, -0.287536, 0.204076, 0.572233, 
-8.28641, 0.983196, 2.12663, -0.305083, 0.745656, 0.592386, 0.191997, 0.725639, 
-8.83746, 0.986151, 1.83911, -0.277801, 0.769737, 0.574744, 0.203063, 0.72045, 
-8.87731, 0.38268, 2.38966, -0.351339, 0.643562, 0.679992, 0.205657, 0.736287, 
5.74867, 0.684048, -1.48197, 0.231864, -0.795815, 0.55939, 0.220628, 0.624457, 
6.64969, 1.26443, -1.13058, 0.250642, -0.755559, 0.605235, 0.234871, 0.641072, 
5.83646, 1.26443, -0.793725, 0.250678, -0.755585, 0.605187, 0.217363, 0.641614, 
5.52869, 0.896822, -1.77435, -0.883255, -0.333753, 0.329348, 0.213684, 0.620336, 
5.83646, 1.26443, -0.793725, -0.899368, -0.233311, 0.369734, 0.217363, 0.641614, 
5.74878, 1.68459, -0.88141, -0.932556, -0.123852, 0.339117, 0.209026, 0.643705, 
6.22593, 0.900423, -2.07129, -0.281043, 0.696624, -0.660099, 0.189491, 0.629909, 
5.74878, 1.68459, -0.88141, -0.489541, 0.730835, -0.475636, 0.19664, 0.658781, 
6.64969, 1.68459, -1.25458, 0, 0.717586, -0.69647, 0.1772, 0.650368, 
6.2597, 0.685209, -1.6921, 0.900591, -0.27205, -0.339005, 0.231293, 0.623696, 
6.64969, 1.68459, -1.25458, 0.913712, -0.202265, -0.352447, 0.243163, 0.643121, 
6.64969, 1.26443, -1.13058, 0.874312, -0.13739, -0.465514, 0.234871, 0.641072, 
6.64969, 2.24442, 0.772019, 0, 0.846289, 0.532724, 0.177242, 0.69162, 
5.74878, 1.68459, 0.920418, -0.463241, 0.742747, 0.483461, 0.19675, 0.697609, 
6.64969, 1.68459, 1.29359, -0, 0.798996, 0.601337, 0.177255, 0.704987, 
4.59447, 0.788652, -0.612931, -0.478238, -0.329833, 0.81394, 0.006841, 0.665191, 
5.49961, 1.26443, 0.019502, -0.464831, -0.246199, 0.850481, 0.010519, 0.688478, 
5.3756, 1.68459, 0.019502, -0.511625, -0.150999, 0.845836, 0.002375, 0.691212, 
5.0258, 0.585793, 0.970984, 0.596472, -0.770473, -0.224929, 0.013762, 0.715506, 
5.49961, 1.26443, 0.019502, 0.609977, -0.756516, -0.235823, 0.027864, 0.735948, 
5.83646, 1.26443, 0.83273, 0.596839, -0.763325, -0.247221, 0.010586, 0.736197, 
4.73001, 0.791136, 1.14153, 0.313493, -0.245628, 0.917273, 0.006706, 0.712144, 
5.83646, 1.26443, 0.83273, 0.336804, -0.185023, 0.923217, 0.010586, 0.736197, 
5.74878, 1.68459, 0.920418, 0.317642, -0.129737, 0.939293, 0.002375, 0.738717, 
6.10079, 0.712729, 1.85553, 0.165113, -0.86717, -0.469845, 0.195151, 0.588425, 
5.83646, 1.26443, 0.83273, 0.187723, -0.843392, -0.503438, 0.206823, 0.608412, 
6.64969, 1.26443, 1.16958, 0.209421, -0.836975, -0.505584, 0.189134, 0.607367, 
6.1073, 2.24222, 0.551613, -0.390937, 0.870762, 0.29823, 0.186901, 0.687965, 
5.3756, 1.68459, 0.019502, -0.686835, 0.726729, 0.01112, 0.20471, 0.678218, 
5.74878, 1.68459, 0.920418, -0.463241, 0.742747, 0.483461, 0.19675, 0.697609, 
4.86885, 0.594492, -0.556735, 0.593719, -0.766229, 0.245745, 0.01316, 0.667361, 
5.83646, 1.26443, -0.793725, 0.591734, -0.768019, 0.244943, 0.027586, 0.685923, 
5.49961, 1.26443, 0.019502, 0.591737, -0.767965, 0.245108, 0.010519, 0.688478, 
4.39544, 0.805121, 0.489617, -0.662736, 0.672532, 0.329366, 0.229071, 0.691085, 
5.74878, 1.68459, 0.920418, -0.463241, 0.742747, 0.483461, 0.19675, 0.697609, 
5.3756, 1.68459, 0.019502, -0.686835, 0.726729, 0.01112, 0.20471, 0.678218, 
4.81814, 0.576321, 0.426055, -0.341766, -0.247343, -0.906652, 0.025077, 0.715679, 
5.3756, 1.68459, 0.019502, -0.337845, -0.169673, -0.925782, 0.036186, 0.738598, 
5.49961, 1.26443, 0.019502, -0.414479, -0.122328, -0.9018, 0.027864, 0.735948, 
5.96293, 0.983196, 2.12663, 0.773579, -0.215027, 0.596103, 0.189631, 0.583271, 
6.64969, 1.26443, 1.16958, 0.823591, -0.146906, 0.547828, 0.189134, 0.607367, 
6.64969, 1.68459, 1.29359, 0.823666, -0.16052, 0.543882, 0.180523, 0.606988, 
5.8869, 2.24133, 0.019502, -0.488849, 0.869977, -0.064546, 0.19098, 0.678471, 
5.74878, 1.68459, -0.88141, -0.489541, 0.730835, -0.475636, 0.19664, 0.658781, 
5.3756, 1.68459, 0.019502, -0.686835, 0.726729, 0.01112, 0.20471, 0.678218, 
4.82964, 0.80503, -1.2752, -0.720087, 0.644011, -0.25831, 0.221354, 0.650017, 
5.3756, 1.68459, 0.019502, -0.686835, 0.726729, 0.01112, 0.20471, 0.678218, 
5.74878, 1.68459, -0.88141, -0.489541, 0.730835, -0.475636, 0.19664, 0.658781, 
5.41187, 0.986151, 1.83911, -0.277801, 0.769737, 0.574744, 0.203063, 0.72045, 
6.64969, 1.68459, 1.29359, -0, 0.798996, 0.601337, 0.177255, 0.704987, 
5.74878, 1.68459, 0.920418, -0.463241, 0.742747, 0.483461, 0.19675, 0.697609, 
5.53322, 0.74585, 1.61142, -0.920312, -0.128752, -0.36939, 0.206763, 0.589082, 
5.74878, 1.68459, 0.920418, -0.908014, -0.0923, -0.408645, 0.215389, 0.610452, 
5.83646, 1.26443, 0.83273, -0.902495, -0.100967, -0.418698, 0.206823, 0.608412, 
6.1073, 2.24222, -0.512607, -0.29923, 0.871678, -0.388124, 0.187096, 0.668709, 
6.64969, 1.68459, -1.25458, 0, 0.717586, -0.69647, 0.1772, 0.650368, 
5.74878, 1.68459, -0.88141, -0.489541, 0.730835, -0.475636, 0.19664, 0.658781, 
5.06119, 0.598172, -1.01016, 0.514904, -0.249689, -0.820079, 0.022751, 0.665971, 
5.74878, 1.68459, -0.88141, 0.485802, -0.206814, -0.849249, 0.035964, 0.687636, 
5.83646, 1.26443, -0.793725, 0.359832, -0.118051, -0.925519, 0.027586, 0.685923, 
6.64969, 1.26443, -1.13058, -0.250642, -0.755559, 0.605235, 0.088918, 0.733816, 
7.55071, 0.684048, -1.48197, -0.231864, -0.795815, 0.55939, 0.102174, 0.716404, 
7.46292, 1.26443, -0.793725, -0.250678, -0.755585, 0.605187, 0.106427, 0.733342, 
7.46292, 1.26443, -0.793725, 0.899368, -0.233311, 0.369734, 0.106427, 0.733342, 
7.77069, 0.896822, -1.77435, 0.883255, -0.333753, 0.329348, 0.108869, 0.711888, 
7.5506, 1.68459, -0.88141, 0.932556, -0.123852, 0.339117, 0.114871, 0.734949, 
7.5506, 1.68459, -0.88141, 0.489541, 0.730835, -0.475636, 0.157778, 0.658819, 
7.07344, 0.900423, -2.07129, 0.281043, 0.696624, -0.660099, 0.164868, 0.629934, 
6.64969, 1.68459, -1.25458, 0, 0.717586, -0.69647, 0.1772, 0.650368, 
6.64969, 1.68459, -1.25458, -0.913712, -0.202265, -0.352447, 0.08076, 0.736342, 
7.03968, 0.685209, -1.6921, -0.900591, -0.27205, -0.339005, 0.091483, 0.716261, 
6.64969, 1.26443, -1.13058, -0.874312, -0.13739, -0.465514, 0.088918, 0.733816, 
7.5506, 1.68459, 0.920418, 0.463241, 0.742747, 0.483461, 0.157745, 0.697648, 
6.64969, 2.24442, 0.772019, 0, 0.846289, 0.532724, 0.177242, 0.69162, 
6.64969, 1.68459, 1.29359, -0, 0.798996, 0.601337, 0.177255, 0.704987, 
7.79977, 1.26443, 0.019502, 0.464831, -0.246199, 0.850481, 0.146978, 0.565869, 
8.70491, 0.788652, -0.612931, 0.478238, -0.329833, 0.81394, 0.148356, 0.542173, 
7.92378, 1.68459, 0.019502, 0.511625, -0.150999, 0.845836, 0.155355, 0.567696, 
7.79977, 1.26443, 0.019502, -0.609977, -0.756516, -0.235823, 0.089224, 0.561068, 
8.27358, 0.585793, 0.970984, -0.596472, -0.770473, -0.224929, 0.104499, 0.54149, 
7.46292, 1.26443, 0.83273, -0.596839, -0.763325, -0.247221, 0.106461, 0.562328, 
7.46292, 1.26443, 0.83273, -0.336804, -0.185023, 0.923217, 0.106461, 0.562328, 
8.56937, 0.791136, 1.14153, -0.313493, -0.245628, 0.917273, 0.111734, 0.53854, 
7.5506, 1.68459, 0.920418, -0.317642, -0.129737, 0.939293, 0.114513, 0.565321, 
7.46292, 1.26443, 0.83273, -0.187723, -0.843392, -0.503438, 0.148557, 0.610381, 
7.19859, 0.712729, 1.85553, -0.165113, -0.86717, -0.469845, 0.160248, 0.590017, 
6.64969, 1.26443, 1.16958, -0.209421, -0.836975, -0.505584, 0.165819, 0.609608, 
7.92378, 1.68459, 0.019502, 0.686835, 0.726729, 0.01112, 0.149745, 0.678273, 
7.19208, 2.24222, 0.551613, 0.390937, 0.870762, 0.29823, 0.167575, 0.687984, 
7.5506, 1.68459, 0.920418, 0.463241, 0.742747, 0.483461, 0.157745, 0.697648, 
7.46292, 1.26443, -0.793725, -0.591734, -0.768019, 0.244943, 0.12959, 0.564855, 
8.43053, 0.594492, -0.556735, -0.593719, -0.766229, 0.245745, 0.142565, 0.545247, 
7.79977, 1.26443, 0.019502, -0.591737, -0.767965, 0.245108, 0.146978, 0.565869, 
7.5506, 1.68459, 0.920418, 0.463241, 0.742747, 0.483461, 0.157745, 0.697648, 
8.90394, 0.805121, 0.489617, 0.662736, 0.672532, 0.329366, 0.12541, 0.691191, 
7.92378, 1.68459, 0.019502, 0.686835, 0.726729, 0.01112, 0.149745, 0.678273, 
7.92378, 1.68459, 0.019502, 0.337845, -0.169673, -0.925782, 0.08076, 0.563224, 
8.48124, 0.576321, 0.426055, 0.341766, -0.247343, -0.906652, 0.093196, 0.540996, 
7.79977, 1.26443, 0.019502, 0.414479, -0.122328, -0.9018, 0.089224, 0.561068, 
6.64969, 1.26443, 1.16958, -0.823591, -0.146906, 0.547828, 0.165819, 0.609608, 
7.33645, 0.983196, 2.12663, -0.773579, -0.215027, 0.596103, 0.167087, 0.585894, 
6.64969, 1.68459, 1.29359, -0.823666, -0.16052, 0.543882, 0.174396, 0.61006, 
7.5506, 1.68459, -0.88141, 0.489541, 0.730835, -0.475636, 0.157778, 0.658819, 
7.41248, 2.24133, 0.019502, 0.488849, 0.869977, -0.064546, 0.163475, 0.678498, 
7.92378, 1.68459, 0.019502, 0.686835, 0.726729, 0.01112, 0.149745, 0.678273, 
7.92378, 1.68459, 0.019502, 0.686835, 0.726729, 0.01112, 0.149745, 0.678273, 
8.46974, 0.80503, -1.2752, 0.720087, 0.644011, -0.25831, 0.133045, 0.650104, 
7.5506, 1.68459, -0.88141, 0.489541, 0.730835, -0.475636, 0.157778, 0.658819, 
6.64969, 1.68459, 1.29359, -0, 0.798996, 0.601337, 0.177255, 0.704987, 
7.88751, 0.986151, 1.83911, 0.277801, 0.769737, 0.574744, 0.151475, 0.720499, 
7.5506, 1.68459, 0.920418, 0.463241, 0.742747, 0.483461, 0.157745, 0.697648, 
7.5506, 1.68459, 0.920418, 0.908014, -0.0923, -0.408645, 0.140143, 0.612826, 
7.76616, 0.74585, 1.61142, 0.920312, -0.128752, -0.36939, 0.148324, 0.591253, 
7.46292, 1.26443, 0.83273, 0.902495, -0.100967, -0.418698, 0.148557, 0.610381, 
6.64969, 1.68459, -1.25458, 0, 0.717586, -0.69647, 0.1772, 0.650368, 
7.19208, 2.24222, -0.512607, 0.29923, 0.871678, -0.388124, 0.167341, 0.668729, 
7.5506, 1.68459, -0.88141, 0.489541, 0.730835, -0.475636, 0.157778, 0.658819, 
7.5506, 1.68459, -0.88141, -0.485802, -0.206814, -0.849249, 0.12114, 0.566982, 
8.23819, 0.598172, -1.01016, -0.514904, -0.249689, -0.820079, 0.133111, 0.544713, 
7.46292, 1.26443, -0.793725, -0.359832, -0.118051, -0.925519, 0.12959, 0.564855, 
6.64969, 1.26443, -1.13058, 0.250642, -0.755559, 0.605235, 0.234871, 0.641072, 
5.74867, 0.684048, -1.48197, 0.231864, -0.795815, 0.55939, 0.220628, 0.624457, 
6.2597, 0.685209, -1.6921, 0.222058, -0.814802, 0.535527, 0.231293, 0.623696, 
5.83646, 1.26443, -0.793725, -0.899368, -0.233311, 0.369734, 0.217363, 0.641614, 
5.52869, 0.896822, -1.77435, -0.883255, -0.333753, 0.329348, 0.213684, 0.620336, 
5.74867, 0.684048, -1.48197, -0.842882, -0.433616, 0.318633, 0.220628, 0.624457, 
5.74878, 1.68459, -0.88141, -0.489541, 0.730835, -0.475636, 0.19664, 0.658781, 
6.22593, 0.900423, -2.07129, -0.281043, 0.696624, -0.660099, 0.189491, 0.629909, 
5.52869, 0.896822, -1.77435, -0.296409, 0.662441, -0.687978, 0.203178, 0.635805, 
6.64969, 1.68459, -1.25458, 0.913712, -0.202265, -0.352447, 0.243163, 0.643121, 
6.2597, 0.685209, -1.6921, 0.900591, -0.27205, -0.339005, 0.231293, 0.623696, 
6.22593, 0.900423, -2.07129, 0.901984, -0.336083, -0.271058, 0.23893, 0.619784, 
6.2597, 0.685209, -1.6921, 0.222058, -0.814802, 0.535527, 0.231293, 0.623696, 
5.74867, 0.684048, -1.48197, 0.231864, -0.795815, 0.55939, 0.220628, 0.624457, 
5.78731, 0.210605, -2.38829, 0.191467, -0.866579, 0.460847, 0.228067, 0.605029, 
5.74867, 0.684048, -1.48197, -0.842882, -0.433616, 0.318633, 0.220628, 0.624457, 
5.52869, 0.896822, -1.77435, -0.883255, -0.333753, 0.329348, 0.213684, 0.620336, 
5.78731, 0.210605, -2.38829, -0.819694, -0.521302, 0.237373, 0.228067, 0.605029, 
5.52869, 0.896822, -1.77435, -0.296409, 0.662441, -0.687978, 0.203178, 0.635805, 
6.22593, 0.900423, -2.07129, -0.281043, 0.696624, -0.660099, 0.189491, 0.629909, 
5.78731, 0.210605, -2.38829, -0.327463, 0.558463, -0.762159, 0.201042, 0.617157, 
6.22593, 0.900423, -2.07129, 0.901984, -0.336083, -0.271058, 0.23893, 0.619784, 
6.2597, 0.685209, -1.6921, 0.900591, -0.27205, -0.339005, 0.231293, 0.623696, 
5.78731, 0.210605, -2.38829, 0.860663, -0.406117, -0.307129, 0.228067, 0.605029, 
6.1073, 2.24222, 0.551613, -0.390937, 0.870762, 0.29823, 0.186901, 0.687965, 
6.64969, 2.24442, 0.772019, 0, 0.846289, 0.532724, 0.177242, 0.69162, 
6.64969, 2.27871, 0.019502, 0, 1, -0, 0.177228, 0.67818, 
5.74878, 1.68459, 0.920418, -0.463241, 0.742747, 0.483461, 0.19675, 0.697609, 
6.64969, 2.24442, 0.772019, 0, 0.846289, 0.532724, 0.177242, 0.69162, 
6.1073, 2.24222, 0.551613, -0.390937, 0.870762, 0.29823, 0.186901, 0.687965, 
5.49961, 1.26443, 0.019502, -0.464831, -0.246199, 0.850481, 0.010519, 0.688478, 
4.59447, 0.788652, -0.612931, -0.478238, -0.329833, 0.81394, 0.006841, 0.665191, 
4.86885, 0.594492, -0.556735, -0.455301, -0.415506, 0.787436, 0.01316, 0.667361, 
5.49961, 1.26443, 0.019502, 0.609977, -0.756516, -0.235823, 0.027864, 0.735948, 
5.0258, 0.585793, 0.970984, 0.596472, -0.770473, -0.224929, 0.013762, 0.715506, 
4.81814, 0.576321, 0.426055, 0.596165, -0.773891, -0.213729, 0.025077, 0.715679, 
5.83646, 1.26443, 0.83273, 0.336804, -0.185023, 0.923217, 0.010586, 0.736197, 
4.73001, 0.791136, 1.14153, 0.313493, -0.245628, 0.917273, 0.006706, 0.712144, 
5.0258, 0.585793, 0.970984, 0.309769, -0.302459, 0.901422, 0.013762, 0.715506, 
5.83646, 1.26443, 0.83273, 0.187723, -0.843392, -0.503438, 0.206823, 0.608412, 
6.10079, 0.712729, 1.85553, 0.165113, -0.86717, -0.469845, 0.195151, 0.588425, 
5.53322, 0.74585, 1.61142, 0.142656, -0.880944, -0.451206, 0.206763, 0.589082, 
5.8869, 2.24133, 0.019502, -0.488849, 0.869977, -0.064546, 0.19098, 0.678471, 
6.1073, 2.24222, 0.551613, -0.390937, 0.870762, 0.29823, 0.186901, 0.687965, 
6.64969, 2.27871, 0.019502, 0, 1, -0, 0.177228, 0.67818, 
5.3756, 1.68459, 0.019502, -0.686835, 0.726729, 0.01112, 0.20471, 0.678218, 
6.1073, 2.24222, 0.551613, -0.390937, 0.870762, 0.29823, 0.186901, 0.687965, 
5.8869, 2.24133, 0.019502, -0.488849, 0.869977, -0.064546, 0.19098, 0.678471, 
5.83646, 1.26443, -0.793725, 0.591734, -0.768019, 0.244943, 0.027586, 0.685923, 
4.86885, 0.594492, -0.556735, 0.593719, -0.766229, 0.245745, 0.01316, 0.667361, 
5.06119, 0.598172, -1.01016, 0.594709, -0.765359, 0.246063, 0.022751, 0.665971, 
5.74878, 1.68459, 0.920418, -0.463241, 0.742747, 0.483461, 0.19675, 0.697609, 
4.39544, 0.805121, 0.489617, -0.662736, 0.672532, 0.329366, 0.229071, 0.691085, 
4.73001, 0.791136, 1.14153, -0.697561, 0.612908, 0.371149, 0.222994, 0.704144, 
5.3756, 1.68459, 0.019502, -0.337845, -0.169673, -0.925782, 0.036186, 0.738598, 
4.81814, 0.576321, 0.426055, -0.341766, -0.247343, -0.906652, 0.025077, 0.715679, 
4.39544, 0.805121, 0.489617, -0.302485, -0.308277, -0.901924, 0.033284, 0.711094, 
6.64969, 1.26443, 1.16958, 0.823591, -0.146906, 0.547828, 0.189134, 0.607367, 
5.96293, 0.983196, 2.12663, 0.773579, -0.215027, 0.596103, 0.189631, 0.583271, 
6.10079, 0.712729, 1.85553, 0.745834, -0.241921, 0.62065, 0.195151, 0.588425, 
6.1073, 2.24222, -0.512607, -0.29923, 0.871678, -0.388124, 0.187096, 0.668709, 
5.8869, 2.24133, 0.019502, -0.488849, 0.869977, -0.064546, 0.19098, 0.678471, 
6.64969, 2.27871, 0.019502, 0, 1, -0, 0.177228, 0.67818, 
5.74878, 1.68459, -0.88141, -0.489541, 0.730835, -0.475636, 0.19664, 0.658781, 
5.8869, 2.24133, 0.019502, -0.488849, 0.869977, -0.064546, 0.19098, 0.678471, 
6.1073, 2.24222, -0.512607, -0.29923, 0.871678, -0.388124, 0.187096, 0.668709, 
5.3756, 1.68459, 0.019502, -0.686835, 0.726729, 0.01112, 0.20471, 0.678218, 
4.82964, 0.80503, -1.2752, -0.720087, 0.644011, -0.25831, 0.221354, 0.650017, 
4.59447, 0.788652, -0.612931, -0.769495, 0.583864, -0.258805, 0.226375, 0.662895, 
6.64969, 1.68459, 1.29359, -0, 0.798996, 0.601337, 0.177255, 0.704987, 
5.41187, 0.986151, 1.83911, -0.277801, 0.769737, 0.574744, 0.203063, 0.72045, 
5.96293, 0.983196, 2.12663, -0.305083, 0.745656, 0.592386, 0.191997, 0.725639, 
5.74878, 1.68459, 0.920418, -0.908014, -0.0923, -0.408645, 0.215389, 0.610452, 
5.53322, 0.74585, 1.61142, -0.920312, -0.128752, -0.36939, 0.206763, 0.589082, 
5.41187, 0.986151, 1.83911, -0.92803, -0.142519, -0.344164, 0.212924, 0.586425, 
6.64969, -7.28523, 0.019502, -0, -1, -2e-006, 0.068273, 0.738717, 
5.83646, 1.26443, -0.793725, -0.700794, -0.133316, -0.700796, 0.052431, 0.570303, 
6.64969, 1.26443, -1.13058, 0, -0.133317, -0.991073, 0.069687, 0.569565, 
6.64969, 2.24442, -0.733014, 0, 0.911285, -0.411776, 0.177215, 0.664563, 
6.1073, 2.24222, -0.512607, -0.29923, 0.871678, -0.388124, 0.187096, 0.668709, 
6.64969, 2.27871, 0.019502, 0, 1, -0, 0.177228, 0.67818, 
6.64969, 1.68459, -1.25458, 0, 0.717586, -0.69647, 0.1772, 0.650368, 
6.1073, 2.24222, -0.512607, -0.29923, 0.871678, -0.388124, 0.187096, 0.668709, 
6.64969, 2.24442, -0.733014, 0, 0.911285, -0.411776, 0.177215, 0.664563, 
5.74878, 1.68459, -0.88141, 0.485802, -0.206814, -0.849249, 0.035964, 0.687636, 
5.06119, 0.598172, -1.01016, 0.514904, -0.249689, -0.820079, 0.022751, 0.665971, 
4.82964, 0.80503, -1.2752, 0.58236, -0.310629, -0.751243, 0.029901, 0.66231, 
6.64969, -7.28523, 0.019502, -0, -1, -2e-006, 0.068273, 0.738717, 
5.49961, 1.26443, 0.019502, -0.991073, -0.133317, -0, 0.035341, 0.572796, 
5.83646, 1.26443, -0.793725, -0.700794, -0.133316, -0.700796, 0.052431, 0.570303, 
5.83646, 1.26443, 0.83273, -0.700795, -0.133317, 0.700795, 0.018597, 0.577018, 
5.49961, 1.26443, 0.019502, -0.991073, -0.133317, -0, 0.035341, 0.572796, 
6.64969, -7.28523, 0.019502, -0, -1, -2e-006, 0.068273, 0.738717, 
6.64969, 1.26443, 1.16958, 0, -0.133317, 0.991073, 0.002375, 0.582923, 
5.83646, 1.26443, 0.83273, -0.700795, -0.133317, 0.700795, 0.018597, 0.577018, 
6.64969, -7.28523, 0.019502, -0, -1, -2e-006, 0.068273, 0.738717, 
5.06119, 0.598172, -1.01016, 0.594709, -0.765359, 0.246063, 0.022751, 0.665971, 
4.86885, 0.594492, -0.556735, 0.593719, -0.766229, 0.245745, 0.01316, 0.667361, 
4.43371, 0.033888, -1.23377, 0.597675, -0.762631, 0.247344, 0.017952, 0.648813, 
4.86885, 0.594492, -0.556735, -0.455301, -0.415506, 0.787436, 0.01316, 0.667361, 
4.59447, 0.788652, -0.612931, -0.478238, -0.329833, 0.81394, 0.006841, 0.665191, 
4.43371, 0.033888, -1.23377, -0.492755, -0.48778, 0.720599, 0.017952, 0.648813, 
4.59447, 0.788652, -0.612931, -0.769495, 0.583864, -0.258805, 0.226375, 0.662895, 
4.82964, 0.80503, -1.2752, -0.720087, 0.644011, -0.25831, 0.221354, 0.650017, 
4.43371, 0.033888, -1.23377, -0.856678, 0.424069, -0.293715, 0.238191, 0.647464, 
4.82964, 0.80503, -1.2752, 0.58236, -0.310629, -0.751243, 0.029901, 0.66231, 
5.06119, 0.598172, -1.01016, 0.514904, -0.249689, -0.820079, 0.022751, 0.665971, 
4.43371, 0.033888, -1.23377, 0.566911, -0.331581, -0.754099, 0.017952, 0.648813, 
4.81814, 0.576321, 0.426055, 0.596165, -0.773891, -0.213729, 0.025077, 0.715679, 
5.0258, 0.585793, 0.970984, 0.596472, -0.770473, -0.224929, 0.013762, 0.715506, 
4.16162, -0.031358, 0.974251, 0.568579, -0.797236, -0.202811, 0.018706, 0.695287, 
5.0258, 0.585793, 0.970984, 0.309769, -0.302459, 0.901422, 0.013762, 0.715506, 
4.73001, 0.791136, 1.14153, 0.313493, -0.245628, 0.917273, 0.006706, 0.712144, 
4.16162, -0.031358, 0.974251, 0.262961, -0.363485, 0.893717, 0.018706, 0.695287, 
4.73001, 0.791136, 1.14153, -0.697561, 0.612908, 0.371149, 0.222994, 0.704144, 
4.39544, 0.805121, 0.489617, -0.662736, 0.672532, 0.329366, 0.229071, 0.691085, 
4.16162, -0.031358, 0.974251, -0.786253, 0.459272, 0.413371, 0.24287, 0.704885, 
4.39544, 0.805121, 0.489617, -0.302485, -0.308277, -0.901924, 0.033284, 0.711094, 
4.81814, 0.576321, 0.426055, -0.341766, -0.247343, -0.906652, 0.025077, 0.715679, 
4.16162, -0.031358, 0.974251, -0.343024, -0.39727, -0.851182, 0.018706, 0.695287, 
5.53322, 0.74585, 1.61142, 0.142656, -0.880944, -0.451206, 0.206763, 0.589082, 
6.10079, 0.712729, 1.85553, 0.165113, -0.86717, -0.469845, 0.195151, 0.588425, 
5.37203, 0.38268, 2.38966, 0.118811, -0.908972, -0.399566, 0.204076, 0.572233, 
6.10079, 0.712729, 1.85553, 0.745834, -0.241921, 0.62065, 0.195151, 0.588425, 
5.96293, 0.983196, 2.12663, 0.773579, -0.215027, 0.596103, 0.189631, 0.583271, 
5.37203, 0.38268, 2.38966, 0.651481, -0.345116, 0.675624, 0.204076, 0.572233, 
7.92735, 0.38268, 2.38966, 0.936553, -0.20048, -0.287536, 0.153545, 0.572838, 
7.76616, 0.74585, 1.61142, 0.920312, -0.128752, -0.36939, 0.148324, 0.591253, 
7.88751, 0.986151, 1.83911, 0.92803, -0.142519, -0.344164, 0.141935, 0.588985, 
7.92735, 0.38268, 2.38966, 0.351339, 0.643562, 0.679992, 0.148912, 0.736342, 
7.88751, 0.986151, 1.83911, 0.277801, 0.769737, 0.574744, 0.151475, 0.720499, 
7.33645, 0.983196, 2.12663, 0.305083, 0.745656, 0.592386, 0.162551, 0.725667, 
7.92735, 0.38268, 2.38966, -0.651481, -0.345116, 0.675624, 0.153545, 0.572838, 
7.33645, 0.983196, 2.12663, -0.773579, -0.215027, 0.596103, 0.167087, 0.585894, 
7.19859, 0.712729, 1.85553, -0.745834, -0.241921, 0.62065, 0.160248, 0.590017, 
7.92735, 0.38268, 2.38966, -0.118811, -0.908972, -0.399566, 0.153545, 0.572838, 
7.19859, 0.712729, 1.85553, -0.165113, -0.86717, -0.469845, 0.160248, 0.590017, 
7.76616, 0.74585, 1.61142, -0.142656, -0.880944, -0.451206, 0.148324, 0.591253, 
9.13776, -0.031358, 0.974251, 0.343024, -0.39727, -0.851182, 0.100737, 0.521018, 
8.48124, 0.576321, 0.426055, 0.341766, -0.247343, -0.906652, 0.093196, 0.540996, 
8.90394, 0.805121, 0.489617, 0.302485, -0.308277, -0.901924, 0.085274, 0.535937, 
9.13776, -0.031358, 0.974251, 0.786253, 0.459272, 0.413371, 0.111639, 0.705019, 
8.90394, 0.805121, 0.489617, 0.662736, 0.672532, 0.329366, 0.12541, 0.691191, 
8.56937, 0.791136, 1.14153, 0.697561, 0.612908, 0.371149, 0.131514, 0.704237, 
9.13776, -0.031358, 0.974251, -0.262961, -0.363485, 0.893717, 0.100737, 0.521018, 
8.56937, 0.791136, 1.14153, -0.313493, -0.245628, 0.917273, 0.111734, 0.53854, 
8.27358, 0.585793, 0.970984, -0.309769, -0.302459, 0.901422, 0.104499, 0.54149, 
9.13776, -0.031358, 0.974251, -0.568579, -0.797236, -0.202811, 0.100737, 0.521018, 
8.27358, 0.585793, 0.970984, -0.596472, -0.770473, -0.224929, 0.104499, 0.54149, 
8.48124, 0.576321, 0.426055, -0.596165, -0.773891, -0.213729, 0.093196, 0.540996, 
8.86567, 0.033888, -1.23377, -0.566911, -0.331581, -0.754099, 0.135905, 0.52792, 
8.23819, 0.598172, -1.01016, -0.514904, -0.249689, -0.820079, 0.133111, 0.544713, 
8.46974, 0.80503, -1.2752, -0.58236, -0.310629, -0.751243, 0.125984, 0.541226, 
8.86567, 0.033888, -1.23377, 0.856678, 0.424069, -0.293715, 0.116203, 0.647585, 
8.46974, 0.80503, -1.2752, 0.720087, 0.644011, -0.25831, 0.133045, 0.650104, 
8.70491, 0.788652, -0.612931, 0.769495, 0.583864, -0.258805, 0.12805, 0.662992, 
8.86567, 0.033888, -1.23377, 0.492755, -0.48778, 0.720599, 0.135905, 0.52792, 
8.70491, 0.788652, -0.612931, 0.478238, -0.329833, 0.81394, 0.148356, 0.542173, 
8.43053, 0.594492, -0.556735, 0.455301, -0.415506, 0.787436, 0.142565, 0.545247, 
8.86567, 0.033888, -1.23377, -0.597675, -0.762631, 0.247344, 0.135905, 0.52792, 
8.43053, 0.594492, -0.556735, -0.593719, -0.766229, 0.245745, 0.142565, 0.545247, 
8.23819, 0.598172, -1.01016, -0.594709, -0.765359, 0.246063, 0.133111, 0.544713, 
6.64969, -7.28523, 0.019502, -0, -1, -2e-006, 0.068273, 0.738717, 
7.46292, 1.26443, 0.83273, 0.700795, -0.133317, 0.700795, 0.120638, 0.577868, 
6.64969, 1.26443, 1.16958, 0, -0.133317, 0.991073, 0.136757, 0.584042, 
6.64969, -7.28523, 0.019502, -0, -1, -2e-006, 0.068273, 0.738717, 
7.79977, 1.26443, 0.019502, 0.991073, -0.133317, -0, 0.10397, 0.573369, 
7.46292, 1.26443, 0.83273, 0.700795, -0.133317, 0.700795, 0.120638, 0.577868, 
7.46292, 1.26443, -0.793725, 0.700794, -0.133316, -0.700796, 0.086928, 0.570591, 
7.79977, 1.26443, 0.019502, 0.991073, -0.133317, -0, 0.10397, 0.573369, 
6.64969, -7.28523, 0.019502, -0, -1, -2e-006, 0.068273, 0.738717, 
8.46974, 0.80503, -1.2752, -0.58236, -0.310629, -0.751243, 0.125984, 0.541226, 
8.23819, 0.598172, -1.01016, -0.514904, -0.249689, -0.820079, 0.133111, 0.544713, 
7.5506, 1.68459, -0.88141, -0.485802, -0.206814, -0.849249, 0.12114, 0.566982, 
6.64969, 2.24442, -0.733014, 0, 0.911285, -0.411776, 0.177215, 0.664563, 
7.19208, 2.24222, -0.512607, 0.29923, 0.871678, -0.388124, 0.167341, 0.668729, 
6.64969, 1.68459, -1.25458, 0, 0.717586, -0.69647, 0.1772, 0.650368, 
6.64969, 2.27871, 0.019502, 0, 1, -0, 0.177228, 0.67818, 
7.19208, 2.24222, -0.512607, 0.29923, 0.871678, -0.388124, 0.167341, 0.668729, 
6.64969, 2.24442, -0.733014, 0, 0.911285, -0.411776, 0.177215, 0.664563, 
6.64969, 1.26443, -1.13058, 0, -0.133317, -0.991073, 0.069687, 0.569565, 
7.46292, 1.26443, -0.793725, 0.700794, -0.133316, -0.700796, 0.086928, 0.570591, 
6.64969, -7.28523, 0.019502, -0, -1, -2e-006, 0.068273, 0.738717, 
7.88751, 0.986151, 1.83911, 0.92803, -0.142519, -0.344164, 0.141935, 0.588985, 
7.76616, 0.74585, 1.61142, 0.920312, -0.128752, -0.36939, 0.148324, 0.591253, 
7.5506, 1.68459, 0.920418, 0.908014, -0.0923, -0.408645, 0.140143, 0.612826, 
7.33645, 0.983196, 2.12663, 0.305083, 0.745656, 0.592386, 0.162551, 0.725667, 
7.88751, 0.986151, 1.83911, 0.277801, 0.769737, 0.574744, 0.151475, 0.720499, 
6.64969, 1.68459, 1.29359, -0, 0.798996, 0.601337, 0.177255, 0.704987, 
8.70491, 0.788652, -0.612931, 0.769495, 0.583864, -0.258805, 0.12805, 0.662992, 
8.46974, 0.80503, -1.2752, 0.720087, 0.644011, -0.25831, 0.133045, 0.650104, 
7.92378, 1.68459, 0.019502, 0.686835, 0.726729, 0.01112, 0.149745, 0.678273, 
7.19208, 2.24222, -0.512607, 0.29923, 0.871678, -0.388124, 0.167341, 0.668729, 
7.41248, 2.24133, 0.019502, 0.488849, 0.869977, -0.064546, 0.163475, 0.678498, 
7.5506, 1.68459, -0.88141, 0.489541, 0.730835, -0.475636, 0.157778, 0.658819, 
6.64969, 2.27871, 0.019502, 0, 1, -0, 0.177228, 0.67818, 
7.41248, 2.24133, 0.019502, 0.488849, 0.869977, -0.064546, 0.163475, 0.678498, 
7.19208, 2.24222, -0.512607, 0.29923, 0.871678, -0.388124, 0.167341, 0.668729, 
7.19859, 0.712729, 1.85553, -0.745834, -0.241921, 0.62065, 0.160248, 0.590017, 
7.33645, 0.983196, 2.12663, -0.773579, -0.215027, 0.596103, 0.167087, 0.585894, 
6.64969, 1.26443, 1.16958, -0.823591, -0.146906, 0.547828, 0.165819, 0.609608, 
8.90394, 0.805121, 0.489617, 0.302485, -0.308277, -0.901924, 0.085274, 0.535937, 
8.48124, 0.576321, 0.426055, 0.341766, -0.247343, -0.906652, 0.093196, 0.540996, 
7.92378, 1.68459, 0.019502, 0.337845, -0.169673, -0.925782, 0.08076, 0.563224, 
8.56937, 0.791136, 1.14153, 0.697561, 0.612908, 0.371149, 0.131514, 0.704237, 
8.90394, 0.805121, 0.489617, 0.662736, 0.672532, 0.329366, 0.12541, 0.691191, 
7.5506, 1.68459, 0.920418, 0.463241, 0.742747, 0.483461, 0.157745, 0.697648, 
8.23819, 0.598172, -1.01016, -0.594709, -0.765359, 0.246063, 0.133111, 0.544713, 
8.43053, 0.594492, -0.556735, -0.593719, -0.766229, 0.245745, 0.142565, 0.545247, 
7.46292, 1.26443, -0.793725, -0.591734, -0.768019, 0.244943, 0.12959, 0.564855, 
7.41248, 2.24133, 0.019502, 0.488849, 0.869977, -0.064546, 0.163475, 0.678498, 
7.19208, 2.24222, 0.551613, 0.390937, 0.870762, 0.29823, 0.167575, 0.687984, 
7.92378, 1.68459, 0.019502, 0.686835, 0.726729, 0.01112, 0.149745, 0.678273, 
6.64969, 2.27871, 0.019502, 0, 1, -0, 0.177228, 0.67818, 
7.19208, 2.24222, 0.551613, 0.390937, 0.870762, 0.29823, 0.167575, 0.687984, 
7.41248, 2.24133, 0.019502, 0.488849, 0.869977, -0.064546, 0.163475, 0.678498, 
7.76616, 0.74585, 1.61142, -0.142656, -0.880944, -0.451206, 0.148324, 0.591253, 
7.19859, 0.712729, 1.85553, -0.165113, -0.86717, -0.469845, 0.160248, 0.590017, 
7.46292, 1.26443, 0.83273, -0.187723, -0.843392, -0.503438, 0.148557, 0.610381, 
8.27358, 0.585793, 0.970984, -0.309769, -0.302459, 0.901422, 0.104499, 0.54149, 
8.56937, 0.791136, 1.14153, -0.313493, -0.245628, 0.917273, 0.111734, 0.53854, 
7.46292, 1.26443, 0.83273, -0.336804, -0.185023, 0.923217, 0.106461, 0.562328, 
8.48124, 0.576321, 0.426055, -0.596165, -0.773891, -0.213729, 0.093196, 0.540996, 
8.27358, 0.585793, 0.970984, -0.596472, -0.770473, -0.224929, 0.104499, 0.54149, 
7.79977, 1.26443, 0.019502, -0.609977, -0.756516, -0.235823, 0.089224, 0.561068, 
8.43053, 0.594492, -0.556735, 0.455301, -0.415506, 0.787436, 0.142565, 0.545247, 
8.70491, 0.788652, -0.612931, 0.478238, -0.329833, 0.81394, 0.148356, 0.542173, 
7.79977, 1.26443, 0.019502, 0.464831, -0.246199, 0.850481, 0.146978, 0.565869, 
7.19208, 2.24222, 0.551613, 0.390937, 0.870762, 0.29823, 0.167575, 0.687984, 
6.64969, 2.24442, 0.772019, 0, 0.846289, 0.532724, 0.177242, 0.69162, 
7.5506, 1.68459, 0.920418, 0.463241, 0.742747, 0.483461, 0.157745, 0.697648, 
6.64969, 2.27871, 0.019502, 0, 1, -0, 0.177228, 0.67818, 
6.64969, 2.24442, 0.772019, 0, 0.846289, 0.532724, 0.177242, 0.69162, 
7.19208, 2.24222, 0.551613, 0.390937, 0.870762, 0.29823, 0.167575, 0.687984, 
7.51207, 0.210605, -2.38829, -0.860663, -0.406117, -0.307129, 0.093622, 0.697439, 
7.03968, 0.685209, -1.6921, -0.900591, -0.27205, -0.339005, 0.091483, 0.716261, 
7.07344, 0.900423, -2.07129, -0.901984, -0.336083, -0.271058, 0.083632, 0.712799, 
7.51207, 0.210605, -2.38829, 0.327463, 0.558463, -0.762159, 0.15329, 0.617204, 
7.07344, 0.900423, -2.07129, 0.281043, 0.696624, -0.660099, 0.164868, 0.629934, 
7.77069, 0.896822, -1.77435, 0.296409, 0.662441, -0.687978, 0.151192, 0.635856, 
7.51207, 0.210605, -2.38829, 0.819694, -0.521302, 0.237373, 0.093622, 0.697439, 
7.77069, 0.896822, -1.77435, 0.883255, -0.333753, 0.329348, 0.108869, 0.711888, 
7.55071, 0.684048, -1.48197, 0.842882, -0.433616, 0.318633, 0.102174, 0.716404, 
7.51207, 0.210605, -2.38829, -0.191467, -0.866579, 0.460847, 0.093622, 0.697439, 
7.55071, 0.684048, -1.48197, -0.231864, -0.795815, 0.55939, 0.102174, 0.716404, 
7.03968, 0.685209, -1.6921, -0.222058, -0.814802, 0.535527, 0.091483, 0.716261, 
7.07344, 0.900423, -2.07129, -0.901984, -0.336083, -0.271058, 0.083632, 0.712799, 
7.03968, 0.685209, -1.6921, -0.900591, -0.27205, -0.339005, 0.091483, 0.716261, 
6.64969, 1.68459, -1.25458, -0.913712, -0.202265, -0.352447, 0.08076, 0.736342, 
7.77069, 0.896822, -1.77435, 0.296409, 0.662441, -0.687978, 0.151192, 0.635856, 
7.07344, 0.900423, -2.07129, 0.281043, 0.696624, -0.660099, 0.164868, 0.629934, 
7.5506, 1.68459, -0.88141, 0.489541, 0.730835, -0.475636, 0.157778, 0.658819, 
7.55071, 0.684048, -1.48197, 0.842882, -0.433616, 0.318633, 0.102174, 0.716404, 
7.77069, 0.896822, -1.77435, 0.883255, -0.333753, 0.329348, 0.108869, 0.711888, 
7.46292, 1.26443, -0.793725, 0.899368, -0.233311, 0.369734, 0.106427, 0.733342, 
7.03968, 0.685209, -1.6921, -0.222058, -0.814802, 0.535527, 0.091483, 0.716261, 
7.55071, 0.684048, -1.48197, -0.231864, -0.795815, 0.55939, 0.102174, 0.716404, 
6.64969, 1.26443, -1.13058, -0.250642, -0.755559, 0.605235, 0.088918, 0.733816, 
5.41187, 0.986151, 1.83911, -0.92803, -0.142519, -0.344164, 0.212924, 0.586425, 
5.53322, 0.74585, 1.61142, -0.920312, -0.128752, -0.36939, 0.206763, 0.589082, 
5.37203, 0.38268, 2.38966, -0.936553, -0.20048, -0.287536, 0.204076, 0.572233, 
5.96293, 0.983196, 2.12663, -0.305083, 0.745656, 0.592386, 0.191997, 0.725639, 
5.41187, 0.986151, 1.83911, -0.277801, 0.769737, 0.574744, 0.203063, 0.72045, 
5.37203, 0.38268, 2.38966, -0.351339, 0.643562, 0.679992, 0.205657, 0.736287, 
