1.79362, 0.901016, -1.48197, 0.231864, -0.795815, 0.55939, 0.220628, 0.624457, 
2.374, 0, -1.13058, 0.250642, -0.755559, 0.605235, 0.234871, 0.641072, 
2.374, 0.813227, -0.793725, 0.250678, -0.755585, 0.605187, 0.217363, 0.641614, 
2.0064, 1.121, -1.77435, -0.883255, -0.333753, 0.329348, 0.213684, 0.620336, 
2.374, 0.813227, -0.793725, -0.899368, -0.233311, 0.369734, 0.217363, 0.641614, 
2.79417, 0.900915, -0.88141, -0.932556, -0.123852, 0.339117, 0.209026, 0.643705, 
2.01, 0.423755, -2.07129, -0.281043, 0.696624, -0.660099, 0.189491, 0.629909, 
2.79417, 0.900915, -0.88141, -0.489541, 0.730835, -0.475636, 0.19664, 0.658781, 
2.79417, 0, -1.25458, 0, 0.717586, -0.69647, 0.1772, 0.650368, 
1.79479, 0.389994, -1.6921, 0.900591, -0.27205, -0.339005, 0.231293, 0.623696, 
2.79417, 0, -1.25458, 0.913712, -0.202265, -0.352447, 0.243163, 0.643121, 
2.374, 0, -1.13058, 0.874312, -0.13739, -0.465514, 0.234871, 0.641072, 
3.354, 0, 0.772019, 0, 0.846289, 0.532724, 0.177242, 0.69162, 
2.79417, 0.900915, 0.920418, -0.463241, 0.742747, 0.483461, 0.19675, 0.697609, 
2.79417, 0, 1.29359, 0, 0.798996, 0.601337, 0.177255, 0.704987, 
1.89823, 2.05522, -0.612931, -0.478238, -0.329833, 0.81394, 0.006841, 0.665191, 
2.374, 1.15008, 0.019502, -0.464831, -0.246199, 0.850481, 0.010519, 0.688478, 
2.79417, 1.27409, 0.019502, -0.511625, -0.150999, 0.845836, 0.002375, 0.691212, 
1.69537, 1.62389, 0.970984, 0.596472, -0.770473, -0.224929, 0.013762, 0.715506, 
2.374, 1.15008, 0.019502, 0.609977, -0.756516, -0.235823, 0.027864, 0.735948, 
2.374, 0.813227, 0.83273, 0.596839, -0.763325, -0.247221, 0.010586, 0.736197, 
1.90071, 1.91968, 1.14153, 0.313493, -0.245628, 0.917273, 0.006706, 0.712144, 
2.374, 0.813227, 0.83273, 0.336804, -0.185023, 0.923217, 0.010586, 0.736197, 
2.79417, 0.900915, 0.920418, 0.317642, -0.129737, 0.939293, 0.002375, 0.738717, 
1.82231, 0.548898, 1.85553, 0.165113, -0.86717, -0.469845, 0.195151, 0.588425, 
2.374, 0.813227, 0.83273, 0.187723, -0.843392, -0.503438, 0.206823, 0.608412, 
2.374, 0, 1.16958, 0.209421, -0.836975, -0.505584, 0.189134, 0.607367, 
3.3518, 0.542386, 0.551613, -0.390937, 0.870762, 0.29823, 0.186901, 0.687965, 
2.79417, 1.27409, 0.019502, -0.686835, 0.726729, 0.01112, 0.20471, 0.678218, 
2.79417, 0.900915, 0.920418, -0.463241, 0.742747, 0.483461, 0.19675, 0.697609, 
1.70407, 1.78084, -0.556735, 0.593719, -0.766229, 0.245745, 0.01316, 0.667361, 
2.374, 0.813227, -0.793725, 0.591734, -0.768019, 0.244943, 0.027586, 0.685923, 
2.374, 1.15008, 0.019502, 0.591737, -0.767965, 0.245108, 0.010519, 0.688478, 
1.9147, 2.25425, 0.489617, -0.662736, 0.672532, 0.329366, 0.229071, 0.691085, 
2.79417, 0.900915, 0.920418, -0.463241, 0.742747, 0.483461, 0.19675, 0.697609, 
2.79417, 1.27409, 0.019502, -0.686835, 0.726729, 0.01112, 0.20471, 0.678218, 
1.6859, 1.83155, 0.426055, -0.341766, -0.247343, -0.906652, 0.025077, 0.715679, 
2.79417, 1.27409, 0.019502, -0.337845, -0.169673, -0.925782, 0.036186, 0.738598, 
2.374, 1.15008, 0.019502, -0.414479, -0.122328, -0.9018, 0.027864, 0.735948, 
2.09277, 0.686761, 2.12663, 0.773579, -0.215027, 0.596103, 0.189631, 0.583271, 
2.374, 0, 1.16958, 0.823591, -0.146906, 0.547828, 0.189134, 0.607367, 
2.79417, 0, 1.29359, 0.823666, -0.16052, 0.543882, 0.180523, 0.606988, 
3.3509, 0.762794, 0.019502, -0.488849, 0.869977, -0.064546, 0.19098, 0.678471, 
2.79417, 0.900915, -0.88141, -0.489541, 0.730835, -0.475636, 0.19664, 0.658781, 
2.79417, 1.27409, 0.019502, -0.686835, 0.726729, 0.01112, 0.20471, 0.678218, 
1.91461, 1.82005, -1.2752, -0.720087, 0.644011, -0.25831, 0.221354, 0.650017, 
2.79417, 1.27409, 0.019502, -0.686835, 0.726729, 0.01112, 0.20471, 0.678218, 
2.79417, 0.900915, -0.88141, -0.489541, 0.730835, -0.475636, 0.19664, 0.658781, 
2.09573, 1.23782, 1.83911, -0.277801, 0.769737, 0.574744, 0.203063, 0.72045, 
2.79417, 0, 1.29359, 0, 0.798996, 0.601337, 0.177255, 0.704987, 
2.79417, 0.900915, 0.920418, -0.463241, 0.742747, 0.483461, 0.19675, 0.697609, 
1.85543, 1.11647, 1.61142, -0.920312, -0.128752, -0.36939, 0.206763, 0.589082, 
2.79417, 0.900915, 0.920418, -0.908014, -0.0923, -0.408645, 0.215389, 0.610452, 
2.374, 0.813227, 0.83273, -0.902495, -0.100967, -0.418698, 0.206823, 0.608412, 
3.3518, 0.542386, -0.512607, -0.299229, 0.871678, -0.388124, 0.187096, 0.668709, 
2.79417, 0, -1.25458, 0, 0.717586, -0.69647, 0.1772, 0.650368, 
2.79417, 0.900915, -0.88141, -0.489541, 0.730835, -0.475636, 0.19664, 0.658781, 
1.70775, 1.5885, -1.01016, 0.514904, -0.249689, -0.820079, 0.022751, 0.665971, 
2.79417, 0.900915, -0.88141, 0.485802, -0.206814, -0.849249, 0.035964, 0.687636, 
2.374, 0.813227, -0.793725, 0.359832, -0.118051, -0.925519, 0.027586, 0.685923, 
2.374, 0, -1.13058, -0.250642, -0.755559, 0.605235, 0.088918, 0.733816, 
1.79362, -0.901016, -1.48197, -0.231864, -0.795815, 0.55939, 0.102174, 0.716404, 
2.374, -0.813227, -0.793725, -0.250678, -0.755585, 0.605187, 0.106427, 0.733342, 
2.374, -0.813227, -0.793725, 0.899368, -0.233311, 0.369734, 0.106427, 0.733342, 
2.0064, -1.121, -1.77435, 0.883255, -0.333753, 0.329348, 0.108869, 0.711888, 
2.79417, -0.900915, -0.88141, 0.932556, -0.123852, 0.339117, 0.114871, 0.734949, 
2.79417, -0.900915, -0.88141, 0.489541, 0.730835, -0.475636, 0.157778, 0.658819, 
2.01, -0.423755, -2.07129, 0.281043, 0.696624, -0.660099, 0.164868, 0.629934, 
2.79417, 0, -1.25458, 0, 0.717586, -0.69647, 0.1772, 0.650368, 
2.79417, 0, -1.25458, -0.913712, -0.202265, -0.352447, 0.08076, 0.736342, 
1.79479, -0.389994, -1.6921, -0.900591, -0.27205, -0.339005, 0.091483, 0.716261, 
2.374, 0, -1.13058, -0.874312, -0.13739, -0.465514, 0.088918, 0.733816, 
2.79417, -0.900915, 0.920418, 0.463241, 0.742747, 0.483461, 0.157745, 0.697648, 
3.354, 0, 0.772019, 0, 0.846289, 0.532724, 0.177242, 0.69162, 
2.79417, 0, 1.29359, 0, 0.798996, 0.601337, 0.177255, 0.704987, 
2.374, -1.15008, 0.019502, 0.464831, -0.246199, 0.850481, 0.146978, 0.565869, 
1.89823, -2.05522, -0.612931, 0.478238, -0.329833, 0.81394, 0.148356, 0.542173, 
2.79417, -1.27409, 0.019502, 0.511625, -0.150999, 0.845836, 0.155355, 0.567696, 
2.374, -1.15008, 0.019502, -0.609977, -0.756516, -0.235823, 0.089224, 0.561068, 
1.69537, -1.62389, 0.970984, -0.596472, -0.770473, -0.224929, 0.104499, 0.54149, 
2.374, -0.813227, 0.83273, -0.596839, -0.763325, -0.247221, 0.106461, 0.562328, 
2.374, -0.813227, 0.83273, -0.336804, -0.185023, 0.923217, 0.106461, 0.562328, 
1.90071, -1.91968, 1.14153, -0.313493, -0.245628, 0.917273, 0.111734, 0.53854, 
2.79417, -0.900915, 0.920418, -0.317642, -0.129737, 0.939293, 0.114513, 0.565321, 
2.374, -0.813227, 0.83273, -0.187723, -0.843392, -0.503438, 0.148557, 0.610381, 
1.82231, -0.548898, 1.85553, -0.165113, -0.86717, -0.469845, 0.160248, 0.590017, 
2.374, 0, 1.16958, -0.209421, -0.836975, -0.505584, 0.165819, 0.609608, 
2.79417, -1.27409, 0.019502, 0.686835, 0.726729, 0.01112, 0.149745, 0.678273, 
3.3518, -0.542386, 0.551613, 0.390937, 0.870762, 0.29823, 0.167575, 0.687984, 
2.79417, -0.900915, 0.920418, 0.463241, 0.742747, 0.483461, 0.157745, 0.697648, 
2.374, -0.813227, -0.793725, -0.591734, -0.768019, 0.244943, 0.12959, 0.564855, 
1.70407, -1.78084, -0.556735, -0.593719, -0.766229, 0.245745, 0.142565, 0.545247, 
2.374, -1.15008, 0.019502, -0.591737, -0.767965, 0.245108, 0.146978, 0.565869, 
2.79417, -0.900915, 0.920418, 0.463241, 0.742747, 0.483461, 0.157745, 0.697648, 
1.9147, -2.25425, 0.489617, 0.662736, 0.672532, 0.329366, 0.12541, 0.691191, 
2.79417, -1.27409, 0.019502, 0.686835, 0.726729, 0.01112, 0.149745, 0.678273, 
2.79417, -1.27409, 0.019502, 0.337845, -0.169673, -0.925782, 0.08076, 0.563224, 
1.6859, -1.83155, 0.426055, 0.341766, -0.247343, -0.906652, 0.093196, 0.540996, 
2.374, -1.15008, 0.019502, 0.414479, -0.122328, -0.9018, 0.089224, 0.561068, 
2.374, 0, 1.16958, -0.823591, -0.146906, 0.547828, 0.165819, 0.609608, 
2.09277, -0.686761, 2.12663, -0.773579, -0.215027, 0.596103, 0.167087, 0.585894, 
2.79417, 0, 1.29359, -0.823666, -0.16052, 0.543882, 0.174396, 0.61006, 
2.79417, -0.900915, -0.88141, 0.489541, 0.730835, -0.475636, 0.157778, 0.658819, 
3.3509, -0.762794, 0.019502, 0.488849, 0.869977, -0.064546, 0.163475, 0.678498, 
2.79417, -1.27409, 0.019502, 0.686835, 0.726729, 0.01112, 0.149745, 0.678273, 
2.79417, -1.27409, 0.019502, 0.686835, 0.726729, 0.01112, 0.149745, 0.678273, 
1.91461, -1.82005, -1.2752, 0.720087, 0.644011, -0.25831, 0.133045, 0.650104, 
2.79417, -0.900915, -0.88141, 0.489541, 0.730835, -0.475636, 0.157778, 0.658819, 
2.79417, 0, 1.29359, 0, 0.798996, 0.601337, 0.177255, 0.704987, 
2.09573, -1.23782, 1.83911, 0.277801, 0.769737, 0.574744, 0.151475, 0.720499, 
2.79417, -0.900915, 0.920418, 0.463241, 0.742747, 0.483461, 0.157745, 0.697648, 
2.79417, -0.900915, 0.920418, 0.908014, -0.0923, -0.408645, 0.140143, 0.612826, 
1.85543, -1.11647, 1.61142, 0.920312, -0.128752, -0.36939, 0.148324, 0.591253, 
2.374, -0.813227, 0.83273, 0.902495, -0.100967, -0.418698, 0.148557, 0.610381, 
2.79417, 0, -1.25458, 0, 0.717586, -0.69647, 0.1772, 0.650368, 
3.3518, -0.542386, -0.512607, 0.29923, 0.871678, -0.388124, 0.167341, 0.668729, 
2.79417, -0.900915, -0.88141, 0.489541, 0.730835, -0.475636, 0.157778, 0.658819, 
2.79417, -0.900915, -0.88141, -0.485802, -0.206814, -0.849249, 0.12114, 0.566982, 
1.70775, -1.5885, -1.01016, -0.514904, -0.249689, -0.820079, 0.133111, 0.544713, 
2.374, -0.813227, -0.793725, -0.359832, -0.118051, -0.925519, 0.12959, 0.564855, 
2.374, 0, -1.13058, 0.250642, -0.755559, 0.605235, 0.234871, 0.641072, 
1.79362, 0.901016, -1.48197, 0.231864, -0.795815, 0.55939, 0.220628, 0.624457, 
1.79479, 0.389994, -1.6921, 0.222058, -0.814802, 0.535527, 0.231293, 0.623696, 
2.374, 0.813227, -0.793725, -0.899368, -0.233311, 0.369734, 0.217363, 0.641614, 
2.0064, 1.121, -1.77435, -0.883255, -0.333753, 0.329348, 0.213684, 0.620336, 
1.79362, 0.901016, -1.48197, -0.842882, -0.433616, 0.318633, 0.220628, 0.624457, 
2.79417, 0.900915, -0.88141, -0.489541, 0.730835, -0.475636, 0.19664, 0.658781, 
2.01, 0.423755, -2.07129, -0.281043, 0.696624, -0.660099, 0.189491, 0.629909, 
2.0064, 1.121, -1.77435, -0.296409, 0.662441, -0.687978, 0.203178, 0.635805, 
2.79417, 0, -1.25458, 0.913712, -0.202265, -0.352447, 0.243163, 0.643121, 
1.79479, 0.389994, -1.6921, 0.900591, -0.27205, -0.339005, 0.231293, 0.623696, 
2.01, 0.423755, -2.07129, 0.901984, -0.336083, -0.271058, 0.23893, 0.619784, 
1.79479, 0.389994, -1.6921, 0.222058, -0.814802, 0.535527, 0.231293, 0.623696, 
1.79362, 0.901016, -1.48197, 0.231864, -0.795815, 0.55939, 0.220628, 0.624457, 
1.32018, 0.862378, -2.38829, 0.191467, -0.866579, 0.460847, 0.228067, 0.605029, 
1.79362, 0.901016, -1.48197, -0.842882, -0.433616, 0.318633, 0.220628, 0.624457, 
2.0064, 1.121, -1.77435, -0.883255, -0.333753, 0.329348, 0.213684, 0.620336, 
1.32018, 0.862378, -2.38829, -0.819694, -0.521302, 0.237373, 0.228067, 0.605029, 
2.0064, 1.121, -1.77435, -0.296409, 0.662441, -0.687978, 0.203178, 0.635805, 
2.01, 0.423755, -2.07129, -0.281043, 0.696624, -0.660099, 0.189491, 0.629909, 
1.32018, 0.862378, -2.38829, -0.327463, 0.558463, -0.762159, 0.201042, 0.617157, 
2.01, 0.423755, -2.07129, 0.901984, -0.336083, -0.271058, 0.23893, 0.619784, 
1.79479, 0.389994, -1.6921, 0.900591, -0.27205, -0.339005, 0.231293, 0.623696, 
1.32018, 0.862378, -2.38829, 0.860663, -0.406117, -0.307129, 0.228067, 0.605029, 
3.3518, 0.542386, 0.551613, -0.390937, 0.870762, 0.29823, 0.186901, 0.687965, 
3.354, 0, 0.772019, 0, 0.846289, 0.532724, 0.177242, 0.69162, 
3.38829, 0, 0.019502, 0, 1, -0, 0.177228, 0.67818, 
2.79417, 0.900915, 0.920418, -0.463241, 0.742747, 0.483461, 0.19675, 0.697609, 
3.354, 0, 0.772019, 0, 0.846289, 0.532724, 0.177242, 0.69162, 
3.3518, 0.542386, 0.551613, -0.390937, 0.870762, 0.29823, 0.186901, 0.687965, 
2.374, 1.15008, 0.019502, -0.464831, -0.246199, 0.850481, 0.010519, 0.688478, 
1.89823, 2.05522, -0.612931, -0.478238, -0.329833, 0.81394, 0.006841, 0.665191, 
1.70407, 1.78084, -0.556735, -0.455301, -0.415506, 0.787436, 0.01316, 0.667361, 
2.374, 1.15008, 0.019502, 0.609977, -0.756516, -0.235823, 0.027864, 0.735948, 
1.69537, 1.62389, 0.970984, 0.596472, -0.770473, -0.224929, 0.013762, 0.715506, 
1.6859, 1.83155, 0.426055, 0.596165, -0.773891, -0.213729, 0.025077, 0.715679, 
2.374, 0.813227, 0.83273, 0.336804, -0.185023, 0.923217, 0.010586, 0.736197, 
1.90071, 1.91968, 1.14153, 0.313493, -0.245628, 0.917273, 0.006706, 0.712144, 
1.69537, 1.62389, 0.970984, 0.309769, -0.302459, 0.901422, 0.013762, 0.715506, 
2.374, 0.813227, 0.83273, 0.187723, -0.843392, -0.503438, 0.206823, 0.608412, 
1.82231, 0.548898, 1.85553, 0.165113, -0.86717, -0.469845, 0.195151, 0.588425, 
1.85543, 1.11647, 1.61142, 0.142656, -0.880944, -0.451206, 0.206763, 0.589082, 
3.3509, 0.762794, 0.019502, -0.488849, 0.869977, -0.064546, 0.19098, 0.678471, 
3.3518, 0.542386, 0.551613, -0.390937, 0.870762, 0.29823, 0.186901, 0.687965, 
3.38829, 0, 0.019502, 0, 1, -0, 0.177228, 0.67818, 
2.79417, 1.27409, 0.019502, -0.686835, 0.726729, 0.01112, 0.20471, 0.678218, 
3.3518, 0.542386, 0.551613, -0.390937, 0.870762, 0.29823, 0.186901, 0.687965, 
3.3509, 0.762794, 0.019502, -0.488849, 0.869977, -0.064546, 0.19098, 0.678471, 
2.374, 0.813227, -0.793725, 0.591734, -0.768019, 0.244943, 0.027586, 0.685923, 
1.70407, 1.78084, -0.556735, 0.593719, -0.766229, 0.245745, 0.01316, 0.667361, 
1.70775, 1.5885, -1.01016, 0.594709, -0.765359, 0.246063, 0.022751, 0.665971, 
2.79417, 0.900915, 0.920418, -0.463241, 0.742747, 0.483461, 0.19675, 0.697609, 
1.9147, 2.25425, 0.489617, -0.662736, 0.672532, 0.329366, 0.229071, 0.691085, 
1.90071, 1.91968, 1.14153, -0.697561, 0.612908, 0.371149, 0.222994, 0.704144, 
2.79417, 1.27409, 0.019502, -0.337845, -0.169673, -0.925782, 0.036186, 0.738598, 
1.6859, 1.83155, 0.426055, -0.341766, -0.247343, -0.906652, 0.025077, 0.715679, 
1.9147, 2.25425, 0.489617, -0.302485, -0.308277, -0.901924, 0.033284, 0.711094, 
2.374, 0, 1.16958, 0.823591, -0.146906, 0.547828, 0.189134, 0.607367, 
2.09277, 0.686761, 2.12663, 0.773579, -0.215027, 0.596103, 0.189631, 0.583271, 
1.82231, 0.548898, 1.85553, 0.745834, -0.241921, 0.62065, 0.195151, 0.588425, 
3.3518, 0.542386, -0.512607, -0.299229, 0.871678, -0.388124, 0.187096, 0.668709, 
3.3509, 0.762794, 0.019502, -0.488849, 0.869977, -0.064546, 0.19098, 0.678471, 
3.38829, 0, 0.019502, 0, 1, -0, 0.177228, 0.67818, 
2.79417, 0.900915, -0.88141, -0.489541, 0.730835, -0.475636, 0.19664, 0.658781, 
3.3509, 0.762794, 0.019502, -0.488849, 0.869977, -0.064546, 0.19098, 0.678471, 
3.3518, 0.542386, -0.512607, -0.299229, 0.871678, -0.388124, 0.187096, 0.668709, 
2.79417, 1.27409, 0.019502, -0.686835, 0.726729, 0.01112, 0.20471, 0.678218, 
1.91461, 1.82005, -1.2752, -0.720087, 0.644011, -0.25831, 0.221354, 0.650017, 
1.89823, 2.05522, -0.612931, -0.769495, 0.583864, -0.258805, 0.226375, 0.662895, 
2.79417, 0, 1.29359, 0, 0.798996, 0.601337, 0.177255, 0.704987, 
2.09573, 1.23782, 1.83911, -0.277801, 0.769737, 0.574744, 0.203063, 0.72045, 
2.09277, 0.686761, 2.12663, -0.305083, 0.745656, 0.592386, 0.191997, 0.725639, 
2.79417, 0.900915, 0.920418, -0.908014, -0.0923, -0.408645, 0.215389, 0.610452, 
1.85543, 1.11647, 1.61142, -0.920312, -0.128752, -0.36939, 0.206763, 0.589082, 
2.09573, 1.23782, 1.83911, -0.92803, -0.142519, -0.344164, 0.212924, 0.586425, 
-6.17566, -0, 0.019502, -0, -1, -2e-006, 0.068273, 0.738717, 
2.374, 0.813227, -0.793725, -0.700794, -0.133316, -0.700796, 0.052431, 0.570303, 
2.374, 0, -1.13058, 0, -0.133317, -0.991073, 0.069687, 0.569565, 
3.354, 0, -0.733014, 0, 0.911285, -0.411776, 0.177215, 0.664563, 
3.3518, 0.542386, -0.512607, -0.299229, 0.871678, -0.388124, 0.187096, 0.668709, 
3.38829, 0, 0.019502, 0, 1, -0, 0.177228, 0.67818, 
2.79417, 0, -1.25458, 0, 0.717586, -0.69647, 0.1772, 0.650368, 
3.3518, 0.542386, -0.512607, -0.299229, 0.871678, -0.388124, 0.187096, 0.668709, 
3.354, 0, -0.733014, 0, 0.911285, -0.411776, 0.177215, 0.664563, 
2.79417, 0.900915, -0.88141, 0.485802, -0.206814, -0.849249, 0.035964, 0.687636, 
1.70775, 1.5885, -1.01016, 0.514904, -0.249689, -0.820079, 0.022751, 0.665971, 
1.91461, 1.82005, -1.2752, 0.58236, -0.310629, -0.751243, 0.029901, 0.66231, 
-6.17566, -0, 0.019502, -0, -1, -2e-006, 0.068273, 0.738717, 
2.374, 1.15008, 0.019502, -0.991073, -0.133317, -0, 0.035341, 0.572796, 
2.374, 0.813227, -0.793725, -0.700794, -0.133316, -0.700796, 0.052431, 0.570303, 
2.374, 0.813227, 0.83273, -0.700795, -0.133317, 0.700795, 0.018597, 0.577018, 
2.374, 1.15008, 0.019502, -0.991073, -0.133317, -0, 0.035341, 0.572796, 
-6.17566, -0, 0.019502, -0, -1, -2e-006, 0.068273, 0.738717, 
2.374, 0, 1.16958, 0, -0.133317, 0.991073, 0.002375, 0.582923, 
2.374, 0.813227, 0.83273, -0.700795, -0.133317, 0.700795, 0.018597, 0.577018, 
-6.17566, -0, 0.019502, -0, -1, -2e-006, 0.068273, 0.738717, 
1.70775, 1.5885, -1.01016, 0.594709, -0.765359, 0.246063, 0.022751, 0.665971, 
1.70407, 1.78084, -0.556735, 0.593719, -0.766229, 0.245745, 0.01316, 0.667361, 
1.14347, 2.21598, -1.23377, 0.597675, -0.762631, 0.247344, 0.017952, 0.648813, 
1.70407, 1.78084, -0.556735, -0.455301, -0.415506, 0.787436, 0.01316, 0.667361, 
1.89823, 2.05522, -0.612931, -0.478238, -0.329833, 0.81394, 0.006841, 0.665191, 
1.14347, 2.21598, -1.23377, -0.492755, -0.48778, 0.720599, 0.017952, 0.648813, 
1.89823, 2.05522, -0.612931, -0.769495, 0.583864, -0.258805, 0.226375, 0.662895, 
1.91461, 1.82005, -1.2752, -0.720087, 0.644011, -0.25831, 0.221354, 0.650017, 
1.14347, 2.21598, -1.23377, -0.856678, 0.424069, -0.293715, 0.238191, 0.647464, 
1.91461, 1.82005, -1.2752, 0.58236, -0.310629, -0.751243, 0.029901, 0.66231, 
1.70775, 1.5885, -1.01016, 0.514904, -0.249689, -0.820079, 0.022751, 0.665971, 
1.14347, 2.21598, -1.23377, 0.566911, -0.331582, -0.754099, 0.017952, 0.648813, 
1.6859, 1.83155, 0.426055, 0.596165, -0.773891, -0.213729, 0.025077, 0.715679, 
1.69537, 1.62389, 0.970984, 0.596472, -0.770473, -0.224929, 0.013762, 0.715506, 
1.07822, 2.48807, 0.974251, 0.568579, -0.797236, -0.202811, 0.018706, 0.695287, 
1.69537, 1.62389, 0.970984, 0.309769, -0.302459, 0.901422, 0.013762, 0.715506, 
1.90071, 1.91968, 1.14153, 0.313493, -0.245628, 0.917273, 0.006706, 0.712144, 
1.07822, 2.48807, 0.974251, 0.262961, -0.363485, 0.893717, 0.018706, 0.695287, 
1.90071, 1.91968, 1.14153, -0.697561, 0.612908, 0.371149, 0.222994, 0.704144, 
1.9147, 2.25425, 0.489617, -0.662736, 0.672532, 0.329366, 0.229071, 0.691085, 
1.07822, 2.48807, 0.974251, -0.786253, 0.459272, 0.413371, 0.24287, 0.704885, 
1.9147, 2.25425, 0.489617, -0.302485, -0.308277, -0.901924, 0.033284, 0.711094, 
1.6859, 1.83155, 0.426055, -0.341766, -0.247343, -0.906652, 0.025077, 0.715679, 
1.07822, 2.48807, 0.974251, -0.343024, -0.39727, -0.851182, 0.018706, 0.695287, 
1.85543, 1.11647, 1.61142, 0.142656, -0.880944, -0.451206, 0.206763, 0.589082, 
1.82231, 0.548898, 1.85553, 0.165113, -0.86717, -0.469845, 0.195151, 0.588425, 
1.49226, 1.27766, 2.38966, 0.118811, -0.908972, -0.399566, 0.204076, 0.572233, 
1.82231, 0.548898, 1.85553, 0.745834, -0.241921, 0.62065, 0.195151, 0.588425, 
2.09277, 0.686761, 2.12663, 0.773579, -0.215027, 0.596103, 0.189631, 0.583271, 
1.49226, 1.27766, 2.38966, 0.651481, -0.345116, 0.675624, 0.204076, 0.572233, 
1.49226, -1.27766, 2.38966, 0.936553, -0.20048, -0.287536, 0.153545, 0.572838, 
1.85543, -1.11647, 1.61142, 0.920312, -0.128752, -0.36939, 0.148324, 0.591253, 
2.09573, -1.23782, 1.83911, 0.92803, -0.142519, -0.344164, 0.141935, 0.588985, 
1.49226, -1.27766, 2.38966, 0.351339, 0.643562, 0.679992, 0.148912, 0.736342, 
2.09573, -1.23782, 1.83911, 0.277801, 0.769737, 0.574744, 0.151475, 0.720499, 
2.09277, -0.686761, 2.12663, 0.305083, 0.745656, 0.592386, 0.162551, 0.725667, 
1.49226, -1.27766, 2.38966, -0.651481, -0.345116, 0.675624, 0.153545, 0.572838, 
2.09277, -0.686761, 2.12663, -0.773579, -0.215027, 0.596103, 0.167087, 0.585894, 
1.82231, -0.548898, 1.85553, -0.745834, -0.241921, 0.62065, 0.160248, 0.590017, 
1.49226, -1.27766, 2.38966, -0.118811, -0.908972, -0.399566, 0.153545, 0.572838, 
1.82231, -0.548898, 1.85553, -0.165113, -0.86717, -0.469845, 0.160248, 0.590017, 
1.85543, -1.11647, 1.61142, -0.142656, -0.880944, -0.451206, 0.148324, 0.591253, 
1.07822, -2.48807, 0.974251, 0.343024, -0.39727, -0.851182, 0.100737, 0.521018, 
1.6859, -1.83155, 0.426055, 0.341766, -0.247343, -0.906652, 0.093196, 0.540996, 
1.9147, -2.25425, 0.489617, 0.302485, -0.308277, -0.901924, 0.085274, 0.535937, 
1.07822, -2.48807, 0.974251, 0.786253, 0.459272, 0.413371, 0.111639, 0.705019, 
1.9147, -2.25425, 0.489617, 0.662736, 0.672532, 0.329366, 0.12541, 0.691191, 
1.90071, -1.91968, 1.14153, 0.697561, 0.612908, 0.371149, 0.131514, 0.704237, 
1.07822, -2.48807, 0.974251, -0.262961, -0.363485, 0.893717, 0.100737, 0.521018, 
1.90071, -1.91968, 1.14153, -0.313493, -0.245628, 0.917273, 0.111734, 0.53854, 
1.69537, -1.62389, 0.970984, -0.309769, -0.302459, 0.901422, 0.104499, 0.54149, 
1.07822, -2.48807, 0.974251, -0.568579, -0.797236, -0.202811, 0.100737, 0.521018, 
1.69537, -1.62389, 0.970984, -0.596472, -0.770473, -0.224929, 0.104499, 0.54149, 
1.6859, -1.83155, 0.426055, -0.596165, -0.773891, -0.213729, 0.093196, 0.540996, 
1.14347, -2.21598, -1.23377, -0.566911, -0.331582, -0.754099, 0.135905, 0.52792, 
1.70775, -1.5885, -1.01016, -0.514904, -0.249689, -0.820079, 0.133111, 0.544713, 
1.91461, -1.82005, -1.2752, -0.58236, -0.310629, -0.751243, 0.125984, 0.541226, 
1.14347, -2.21598, -1.23377, 0.856678, 0.424069, -0.293715, 0.116203, 0.647585, 
1.91461, -1.82005, -1.2752, 0.720087, 0.644011, -0.25831, 0.133045, 0.650104, 
1.89823, -2.05522, -0.612931, 0.769495, 0.583864, -0.258805, 0.12805, 0.662992, 
1.14347, -2.21598, -1.23377, 0.492755, -0.48778, 0.720599, 0.135905, 0.52792, 
1.89823, -2.05522, -0.612931, 0.478238, -0.329833, 0.81394, 0.148356, 0.542173, 
1.70407, -1.78084, -0.556735, 0.455301, -0.415506, 0.787436, 0.142565, 0.545247, 
1.14347, -2.21598, -1.23377, -0.597675, -0.762631, 0.247344, 0.135905, 0.52792, 
1.70407, -1.78084, -0.556735, -0.593719, -0.766229, 0.245745, 0.142565, 0.545247, 
1.70775, -1.5885, -1.01016, -0.594709, -0.765359, 0.246063, 0.133111, 0.544713, 
-6.17566, -0, 0.019502, -0, -1, -2e-006, 0.068273, 0.738717, 
2.374, -0.813227, 0.83273, 0.700795, -0.133317, 0.700795, 0.120638, 0.577868, 
2.374, 0, 1.16958, 0, -0.133317, 0.991073, 0.136757, 0.584042, 
-6.17566, -0, 0.019502, -0, -1, -2e-006, 0.068273, 0.738717, 
2.374, -1.15008, 0.019502, 0.991073, -0.133317, -0, 0.10397, 0.573369, 
2.374, -0.813227, 0.83273, 0.700795, -0.133317, 0.700795, 0.120638, 0.577868, 
2.374, -0.813227, -0.793725, 0.700794, -0.133316, -0.700796, 0.086928, 0.570591, 
2.374, -1.15008, 0.019502, 0.991073, -0.133317, -0, 0.10397, 0.573369, 
-6.17566, -0, 0.019502, -0, -1, -2e-006, 0.068273, 0.738717, 
1.91461, -1.82005, -1.2752, -0.58236, -0.310629, -0.751243, 0.125984, 0.541226, 
1.70775, -1.5885, -1.01016, -0.514904, -0.249689, -0.820079, 0.133111, 0.544713, 
2.79417, -0.900915, -0.88141, -0.485802, -0.206814, -0.849249, 0.12114, 0.566982, 
3.354, 0, -0.733014, 0, 0.911285, -0.411776, 0.177215, 0.664563, 
3.3518, -0.542386, -0.512607, 0.29923, 0.871678, -0.388124, 0.167341, 0.668729, 
2.79417, 0, -1.25458, 0, 0.717586, -0.69647, 0.1772, 0.650368, 
3.38829, 0, 0.019502, 0, 1, -0, 0.177228, 0.67818, 
3.3518, -0.542386, -0.512607, 0.29923, 0.871678, -0.388124, 0.167341, 0.668729, 
3.354, 0, -0.733014, 0, 0.911285, -0.411776, 0.177215, 0.664563, 
2.374, 0, -1.13058, 0, -0.133317, -0.991073, 0.069687, 0.569565, 
2.374, -0.813227, -0.793725, 0.700794, -0.133316, -0.700796, 0.086928, 0.570591, 
-6.17566, -0, 0.019502, -0, -1, -2e-006, 0.068273, 0.738717, 
2.09573, -1.23782, 1.83911, 0.92803, -0.142519, -0.344164, 0.141935, 0.588985, 
1.85543, -1.11647, 1.61142, 0.920312, -0.128752, -0.36939, 0.148324, 0.591253, 
2.79417, -0.900915, 0.920418, 0.908014, -0.0923, -0.408645, 0.140143, 0.612826, 
2.09277, -0.686761, 2.12663, 0.305083, 0.745656, 0.592386, 0.162551, 0.725667, 
2.09573, -1.23782, 1.83911, 0.277801, 0.769737, 0.574744, 0.151475, 0.720499, 
2.79417, 0, 1.29359, 0, 0.798996, 0.601337, 0.177255, 0.704987, 
1.89823, -2.05522, -0.612931, 0.769495, 0.583864, -0.258805, 0.12805, 0.662992, 
1.91461, -1.82005, -1.2752, 0.720087, 0.644011, -0.25831, 0.133045, 0.650104, 
2.79417, -1.27409, 0.019502, 0.686835, 0.726729, 0.01112, 0.149745, 0.678273, 
3.3518, -0.542386, -0.512607, 0.29923, 0.871678, -0.388124, 0.167341, 0.668729, 
3.3509, -0.762794, 0.019502, 0.488849, 0.869977, -0.064546, 0.163475, 0.678498, 
2.79417, -0.900915, -0.88141, 0.489541, 0.730835, -0.475636, 0.157778, 0.658819, 
3.38829, 0, 0.019502, 0, 1, -0, 0.177228, 0.67818, 
3.3509, -0.762794, 0.019502, 0.488849, 0.869977, -0.064546, 0.163475, 0.678498, 
3.3518, -0.542386, -0.512607, 0.29923, 0.871678, -0.388124, 0.167341, 0.668729, 
1.82231, -0.548898, 1.85553, -0.745834, -0.241921, 0.62065, 0.160248, 0.590017, 
2.09277, -0.686761, 2.12663, -0.773579, -0.215027, 0.596103, 0.167087, 0.585894, 
2.374, 0, 1.16958, -0.823591, -0.146906, 0.547828, 0.165819, 0.609608, 
1.9147, -2.25425, 0.489617, 0.302485, -0.308277, -0.901924, 0.085274, 0.535937, 
1.6859, -1.83155, 0.426055, 0.341766, -0.247343, -0.906652, 0.093196, 0.540996, 
2.79417, -1.27409, 0.019502, 0.337845, -0.169673, -0.925782, 0.08076, 0.563224, 
1.90071, -1.91968, 1.14153, 0.697561, 0.612908, 0.371149, 0.131514, 0.704237, 
1.9147, -2.25425, 0.489617, 0.662736, 0.672532, 0.329366, 0.12541, 0.691191, 
2.79417, -0.900915, 0.920418, 0.463241, 0.742747, 0.483461, 0.157745, 0.697648, 
1.70775, -1.5885, -1.01016, -0.594709, -0.765359, 0.246063, 0.133111, 0.544713, 
1.70407, -1.78084, -0.556735, -0.593719, -0.766229, 0.245745, 0.142565, 0.545247, 
2.374, -0.813227, -0.793725, -0.591734, -0.768019, 0.244943, 0.12959, 0.564855, 
3.3509, -0.762794, 0.019502, 0.488849, 0.869977, -0.064546, 0.163475, 0.678498, 
3.3518, -0.542386, 0.551613, 0.390937, 0.870762, 0.29823, 0.167575, 0.687984, 
2.79417, -1.27409, 0.019502, 0.686835, 0.726729, 0.01112, 0.149745, 0.678273, 
3.38829, 0, 0.019502, 0, 1, -0, 0.177228, 0.67818, 
3.3518, -0.542386, 0.551613, 0.390937, 0.870762, 0.29823, 0.167575, 0.687984, 
3.3509, -0.762794, 0.019502, 0.488849, 0.869977, -0.064546, 0.163475, 0.678498, 
1.85543, -1.11647, 1.61142, -0.142656, -0.880944, -0.451206, 0.148324, 0.591253, 
1.82231, -0.548898, 1.85553, -0.165113, -0.86717, -0.469845, 0.160248, 0.590017, 
2.374, -0.813227, 0.83273, -0.187723, -0.843392, -0.503438, 0.148557, 0.610381, 
1.69537, -1.62389, 0.970984, -0.309769, -0.302459, 0.901422, 0.104499, 0.54149, 
1.90071, -1.91968, 1.14153, -0.313493, -0.245628, 0.917273, 0.111734, 0.53854, 
2.374, -0.813227, 0.83273, -0.336804, -0.185023, 0.923217, 0.106461, 0.562328, 
1.6859, -1.83155, 0.426055, -0.596165, -0.773891, -0.213729, 0.093196, 0.540996, 
1.69537, -1.62389, 0.970984, -0.596472, -0.770473, -0.224929, 0.104499, 0.54149, 
2.374, -1.15008, 0.019502, -0.609977, -0.756516, -0.235823, 0.089224, 0.561068, 
1.70407, -1.78084, -0.556735, 0.455301, -0.415506, 0.787436, 0.142565, 0.545247, 
1.89823, -2.05522, -0.612931, 0.478238, -0.329833, 0.81394, 0.148356, 0.542173, 
2.374, -1.15008, 0.019502, 0.464831, -0.246199, 0.850481, 0.146978, 0.565869, 
3.3518, -0.542386, 0.551613, 0.390937, 0.870762, 0.29823, 0.167575, 0.687984, 
3.354, 0, 0.772019, 0, 0.846289, 0.532724, 0.177242, 0.69162, 
2.79417, -0.900915, 0.920418, 0.463241, 0.742747, 0.483461, 0.157745, 0.697648, 
3.38829, 0, 0.019502, 0, 1, -0, 0.177228, 0.67818, 
3.354, 0, 0.772019, 0, 0.846289, 0.532724, 0.177242, 0.69162, 
3.3518, -0.542386, 0.551613, 0.390937, 0.870762, 0.29823, 0.167575, 0.687984, 
1.32018, -0.862378, -2.38829, -0.860663, -0.406117, -0.307129, 0.093622, 0.697439, 
1.79479, -0.389994, -1.6921, -0.900591, -0.27205, -0.339005, 0.091483, 0.716261, 
2.01, -0.423755, -2.07129, -0.901984, -0.336083, -0.271058, 0.083632, 0.712799, 
1.32018, -0.862378, -2.38829, 0.327463, 0.558463, -0.762159, 0.15329, 0.617204, 
2.01, -0.423755, -2.07129, 0.281043, 0.696624, -0.660099, 0.164868, 0.629934, 
2.0064, -1.121, -1.77435, 0.296409, 0.662441, -0.687978, 0.151192, 0.635856, 
1.32018, -0.862378, -2.38829, 0.819694, -0.521302, 0.237373, 0.093622, 0.697439, 
2.0064, -1.121, -1.77435, 0.883255, -0.333753, 0.329348, 0.108869, 0.711888, 
1.79362, -0.901016, -1.48197, 0.842882, -0.433616, 0.318633, 0.102174, 0.716404, 
1.32018, -0.862378, -2.38829, -0.191467, -0.866579, 0.460847, 0.093622, 0.697439, 
1.79362, -0.901016, -1.48197, -0.231864, -0.795815, 0.55939, 0.102174, 0.716404, 
1.79479, -0.389994, -1.6921, -0.222058, -0.814802, 0.535527, 0.091483, 0.716261, 
2.01, -0.423755, -2.07129, -0.901984, -0.336083, -0.271058, 0.083632, 0.712799, 
1.79479, -0.389994, -1.6921, -0.900591, -0.27205, -0.339005, 0.091483, 0.716261, 
2.79417, 0, -1.25458, -0.913712, -0.202265, -0.352447, 0.08076, 0.736342, 
2.0064, -1.121, -1.77435, 0.296409, 0.662441, -0.687978, 0.151192, 0.635856, 
2.01, -0.423755, -2.07129, 0.281043, 0.696624, -0.660099, 0.164868, 0.629934, 
2.79417, -0.900915, -0.88141, 0.489541, 0.730835, -0.475636, 0.157778, 0.658819, 
1.79362, -0.901016, -1.48197, 0.842882, -0.433616, 0.318633, 0.102174, 0.716404, 
2.0064, -1.121, -1.77435, 0.883255, -0.333753, 0.329348, 0.108869, 0.711888, 
2.374, -0.813227, -0.793725, 0.899368, -0.233311, 0.369734, 0.106427, 0.733342, 
1.79479, -0.389994, -1.6921, -0.222058, -0.814802, 0.535527, 0.091483, 0.716261, 
1.79362, -0.901016, -1.48197, -0.231864, -0.795815, 0.55939, 0.102174, 0.716404, 
2.374, 0, -1.13058, -0.250642, -0.755559, 0.605235, 0.088918, 0.733816, 
2.09573, 1.23782, 1.83911, -0.92803, -0.142519, -0.344164, 0.212924, 0.586425, 
1.85543, 1.11647, 1.61142, -0.920312, -0.128752, -0.36939, 0.206763, 0.589082, 
1.49226, 1.27766, 2.38966, -0.936553, -0.20048, -0.287536, 0.204076, 0.572233, 
2.09277, 0.686761, 2.12663, -0.305083, 0.745656, 0.592386, 0.191997, 0.725639, 
2.09573, 1.23782, 1.83911, -0.277801, 0.769737, 0.574744, 0.203063, 0.72045, 
1.49226, 1.27766, 2.38966, -0.351339, 0.643562, 0.679992, 0.205657, 0.736287, 